"X1"	"X2"	"X3"	"X4"
"1"	0.515622236653656	0.180965271965186	0.0411510150846748	0.0249182922378834
"2"	0.300965071201844	0.166544472810581	0.0612882360612523	0.0201317343902455
"3"	0.827028749960147	0.163836439110844	0.0630267628820989	0.0288272514371908
"4"	0.358133040876716	0.183965827445626	0.0725800457047272	0.0239741049757376
"5"	0.316806390703258	0.175072840891631	0.0380245444169738	0.0189619122910642
"6"	0.3640804956136	0.182106423345719	0.0487607845008938	0.0197537751306468
"7"	0.454362315847782	0.368134356505524	0.10280003208812	0.030852792365307
"8"	0.431703060464201	0.190253624211434	0.0621537215438225	0.0216632664999257
"9"	0.455665396807116	0.132050713443721	0.0466783942747306	0.0178883193079282
"10"	0.615895839230589	0.283772435129318	0.0793874058836988	0.0232599824523086
"11"	0.972139119756184	0.12668659189019	0.0567671646157575	0.0359193617121128
"12"	0.650267821722248	0.213386602730788	0.067189818816206	0.0223805887586506
"13"	0.451403835652075	0.273359974882847	0.076557643323538	0.0212846749441833
"14"	0.457296136959706	0.19386267971002	0.0495390026070948	0.0247404561472251
"15"	0.574190151889803	0.161940619333026	0.0329927725994847	0.0234029642987784
"16"	0.365401776719998	0.27049569420699	0.10560338824855	0.0240949959061613
"17"	0.661355664324891	0.307491291028451	0.0821112470428991	0.0219289336699708
"18"	0.496265186821429	0.130250645316257	0.0545860894838037	0.0165039844332245
"19"	0.458343979662693	0.140778905636799	0.0338527240588508	0.0176339472488578
"20"	0.224162735378885	0.125944944450025	0.0287901834015054	0.0199076492603544
"21"	0.999317716416109	0.190001632505569	0.0672998554856016	0.0268484777627127
"22"	0.81148295845775	0.201748272437153	0.10013759959211	0.0291474259150246
"23"	0.478790274792712	0.172431352915987	0.0759899241926693	0.0192393510481431
"24"	0.323416451318391	0.259817871763407	0.064021222938396	0.0311000872128467
"25"	0.549810026349222	0.188184985002422	0.0636277896893384	0.0212347676964463
"26"	0.276849779660678	0.256554640041041	0.0674228201087383	0.0187194917390234
"27"	0.56716425381609	0.16471294615421	0.0585092385652199	0.0229656762320732
"28"	0.479628453404499	0.130852170175897	0.0468188522632974	0.018064599423804
"29"	0.244210157716416	0.210799474598176	0.0467798420055048	0.0207124480335697
"30"	0.418777990696673	0.304292344490733	0.075461653340851	0.0242690534027981
"31"	0.62832054470591	0.189641493966977	0.0659216032498442	0.0215874309535843
"32"	0.489346595579701	0.165741058100797	0.0615544959442918	0.0196490044607016
"33"	0.308783420508496	0.216458173658925	0.0549604879681389	0.0183626563927807
"34"	0.342374303561535	0.131707949024237	0.0939224695215193	0.0271324976325837
"35"	0.63016232439282	0.225916889940703	0.0971537801250363	0.0304532471966531
"36"	0.144316580453713	0.137979786794104	0.0447471641833581	0.0162440547272406
"37"	0.24912942461039	0.204773617696396	0.0575043285656151	0.0218668473626673
"38"	0.696947639321518	0.143134460310855	0.0356474090639032	0.0207723438374664
"39"	0.473096639671858	0.157460005505761	0.0530425926441008	0.0184953038192845
"40"	0.534812398883946	0.26271497446943	0.0685807663170917	0.0245017020043458
"41"	0.539105023314853	0.282077587023404	0.0929623983337662	0.0242785904699435
"42"	0.40486296740762	0.228172081229932	0.0657071002840636	0.0166645474510368
"43"	0.431828298104765	0.340591853193816	0.0810962271315291	0.0232745231626688
"44"	0.472890040105072	0.239948822642711	0.0697651960699872	0.020895699786872
"45"	0.951148377063152	0.307379738606481	0.071350980654491	0.0262946855847374
"46"	0.287410669593466	0.242509305580196	0.0657582444670794	0.018963395963068
"47"	0.983893315330427	0.182252234627785	0.0643323567884318	0.0213104779994973
"48"	0.254334870523689	0.18550961426366	0.0460825427625957	0.0167967324816194
"49"	0.599716726872067	0.235739919091781	0.0674363077002721	0.022453593509153
"50"	0.653027934209923	0.214736287810989	0.054263498015367	0.031099961781422
"51"	0.279372914797958	0.0939069456252925	0.0804643446907634	0.0299652928848374
"52"	0.470184253864646	0.234511376310111	0.0535002913130886	0.0218931978841048
"53"	0.304378282606327	0.21739782201672	0.0782025152022924	0.0214090148976611
"54"	0.596803512998629	0.142952525884402	0.0441112723402151	0.0160525976629777
"55"	0.633660371085528	0.281543952766721	0.067301906007962	0.0258961285100007
"56"	0.54157927756248	0.22486689535667	0.0561899108271236	0.0263373450584118
"57"	0.688280714775042	0.200414232490908	0.049936657765683	0.0218309540960742
"58"	0.286146674233481	0.189458094803281	0.0555871065429059	0.0216423444411457
"59"	0.442455315253976	0.15495950418195	0.0410748197060153	0.0210311295590152
"60"	0.232820686335317	0.179278877098652	0.0371574308017987	0.0149461207500569
"61"	0.620317114372309	0.269714556985364	0.0514149538569493	0.0264259330862372
"62"	0.544901843490994	0.286900760882174	0.0857520688635143	0.0221105582215008
"63"	0.271132086893742	0.189901635722692	0.0685835516503908	0.0170696133055888
"64"	0.41406351089682	0.253298158102154	0.0673342691453971	0.0256844226365588
"65"	0.568729633684183	0.173817381459989	0.0609906866391322	0.0221072804398413
"66"	0.604010584300388	0.149045738401102	0.048791931833448	0.0164297789858307
"67"	0.44260153021514	0.158075776676041	0.0298090200864297	0.0179543502635432
"68"	0.465838203385342	0.235474915529827	0.0468437347275569	0.0181276382551172
"69"	0.311212774541927	0.136007919205962	0.0322509907961415	0.016579430420738
"70"	0.691944095860385	0.171172313341095	0.0560103895624909	0.0284423470266505
"71"	0.353829836725793	0.197704269417348	0.052490623353728	0.019525194723853
"72"	0.644120401610897	0.225942075402676	0.0589877306986216	0.0211681963976509
"73"	0.496504317105767	0.150456260913037	0.0673163342251374	0.0136707099636283
"74"	1.06614036106809	0.186185603788923	0.0482203626900424	0.0220158710211808
"75"	0.405355291475194	0.304995606243146	0.0668097229851717	0.0256201415472535
"76"	0.276885294752716	0.179862289586264	0.0469601771499704	0.0257529287806205
"77"	0.277005360791653	0.218453579514378	0.0641076490445256	0.0227912497967132
"78"	0.414605033895294	0.125151987066215	0.0334390805371591	0.0184623446231362
"79"	0.600077676464681	0.267671499059927	0.078474589771247	0.025548684522907
"80"	0.52138002712089	0.260499537410272	0.0617008001082726	0.0264960769647156
"81"	0.278671030656422	0.172113504085117	0.0578637446461556	0.0217048290107159
"82"	0.63589493187528	0.172274127176605	0.0616539808393822	0.0284113574895223
"83"	0.818308182863183	0.19769120945704	0.0765580599716329	0.0244097653666689
"84"	0.487802939155421	0.133505747804297	0.0328688003720294	0.0195080976456166
"85"	0.537453892674685	0.281399677644192	0.0662788679401521	0.0258101471851759
"86"	0.710401290897125	0.213227103418111	0.0502590851982868	0.0272095144718824
"87"	0.939508467303782	0.341872155396271	0.0722582190825936	0.0328071337217404
"88"	0.79396687336033	0.139898318112534	0.0856701483220996	0.0201345380771628
"89"	0.339970848883841	0.16793931258584	0.0483664186461664	0.0197722031204614
"90"	0.541565645033122	0.316762034588045	0.0564149486925376	0.0245260767413776
"91"	0.554384555696424	0.190635005130144	0.0584081675026948	0.0202677889878694
"92"	0.552288362494433	0.161441961471499	0.0838280923606158	0.0213734678507422
"93"	0.772090829302437	0.205954454870627	0.071669504796042	0.0204917127700697
"94"	0.575227672236809	0.173441350993823	0.0659849226680405	0.0210592287164965
"95"	0.54032545819509	0.240302999727666	0.0615170740748268	0.0198452518787779
"96"	0.393890610899678	0.207283346737168	0.0682123023521479	0.0250438023142894
"97"	0.542924716008232	0.310828892010065	0.101541001782019	0.0244657644071899
"98"	0.746529204625111	0.342517746459481	0.0905875980948989	0.0285267972000241
"99"	0.509222150921595	0.177347058943355	0.0370933722967507	0.0220449964220551
"100"	0.552467925833166	0.294541620079061	0.0843692541861255	0.0250337889256753
"101"	0.589920694055117	0.338352030415811	0.0688280169735851	0.0303109425130245
"102"	0.572482169074591	0.269600546600021	0.0668764963927172	0.0268572902000658
"103"	0.402582129877163	0.150905660774358	0.0719786713487591	0.0282236965830544
"104"	0.368119982157769	0.157273747007887	0.0615345873877556	0.0184340687381443
"105"	0.25436953108263	0.17332186823616	0.0526440541920114	0.017009160327773
"106"	0.736594049257111	0.312967009342992	0.0730636937190527	0.0304250792620454
"107"	0.309283351117531	0.156982424019526	0.0503795940196979	0.0183060950895526
"108"	0.549915217439347	0.182541914755348	0.0784654420306357	0.0248854422086724
"109"	0.356401026526438	0.221234104512911	0.0851883955126763	0.0196363045965539
"110"	0.379441135071035	0.186232559029655	0.049707747677706	0.0193728240749902
"111"	0.302716248686644	0.146061494672688	0.0486754477706856	0.015703629168046
"112"	0.662307287997215	0.115393775405179	0.0495790517478132	0.0189554473098842
"113"	0.34217340914234	0.245611411083467	0.0722451664788887	0.0223975886740443
"114"	0.828640068241837	0.320831955041731	0.0846772903597452	0.0257465776395615
"115"	0.906543513779057	0.230291654171137	0.0559904789410085	0.0249783031756702
"116"	0.871130382180612	0.290486896072473	0.066348309497271	0.034937912975665
"117"	0.450906517997854	0.134580196373586	0.0494003823716618	0.018400760913218
"118"	0.747922368743164	0.395648549033605	0.0666034209131942	0.0311925774546133
"119"	0.240600726495243	0.174957568568643	0.0397868932958187	0.0156817924416353
"120"	0.766115149449146	0.231626940312557	0.0631532415132661	0.0241802938945073
"121"	0.27931009872762	0.14144403225362	0.0316547564888305	0.0211113768131657
"122"	0.484095388527998	0.250494604222724	0.05799479524112	0.0261979744765383
"123"	0.685665524243735	0.202500590448507	0.0760603174647023	0.0225859572623775
"124"	0.467774713620327	0.251487940250372	0.0579751965620025	0.0248178075605728
"125"	0.614144987230051	0.165836506472843	0.056695745506058	0.0232984954804923
"126"	0.317503780687484	0.139988194685931	0.0508667299123346	0.0164722211837633
"127"	0.3300963568182	0.228589468802593	0.0508886185202133	0.0239455025463018
"128"	0.544823030945516	0.186259763926052	0.0678444185159503	0.0251446651623454
"129"	0.469885896752827	0.130295467045742	0.0375258320092936	0.0270924077845554
"130"	0.317683776041754	0.286603482881448	0.0691551328756635	0.0269069133316902
"131"	0.663511014136776	0.253101161419725	0.092468607075899	0.0295964875249165
"132"	0.337894912491776	0.167155775739645	0.0672365093915821	0.0202702510507223
"133"	0.457870609441001	0.211863256445864	0.0455888142818762	0.0231617695894128
"134"	0.368887148353381	0.212910601992517	0.0534040181429838	0.0256317401884192
"135"	0.484417994110465	0.176430424321686	0.0433665233936195	0.0192158375263144
"136"	0.321170396895204	0.223955848649724	0.0503416233977619	0.0219612559807042
"137"	0.689849425765754	0.23953256770866	0.069107492689922	0.021133938996289
"138"	0.343064470759157	0.173523991153899	0.047024450396253	0.0201550338815434
"139"	0.542518163923133	0.180572467622874	0.0677150441248366	0.0256978396518594
"140"	0.482572294854445	0.159326177440342	0.0604045989527897	0.0228515667886073
"141"	0.717221974695672	0.225716068052575	0.0803374420921801	0.0311920587939879
"142"	0.364669544662424	0.317049929350284	0.0618115718000992	0.0269173557723531
"143"	0.389142679907836	0.231177521514109	0.0836656656430182	0.0170916681534898
"144"	0.369420224367572	0.189900713205631	0.0531686468008908	0.0220024699847747
"145"	0.562212619321129	0.12764733404225	0.0535033382370107	0.0194540085861523
"146"	0.316144929606445	0.115800428371668	0.0549401321539918	0.0190387833044222
"147"	0.344235172008334	0.15858159930793	0.0602132443986232	0.0176990007613393
"148"	0.752431826256436	0.155828461897922	0.0607254815695522	0.0169592765152335
"149"	0.664890943992164	0.171667984398938	0.0626727340435807	0.0245138423631506
"150"	0.560952161161644	0.194139148014796	0.0553693577889602	0.0217999253532024
"151"	0.332327654038439	0.231745446660881	0.0679193400773653	0.0154653328469922
"152"	0.486580756293194	0.271623409762155	0.0763677744859557	0.0265085870398481
"153"	0.264979902032465	0.216349450450061	0.0724520267129478	0.0215494919859056
"154"	0.614962509522228	0.190156796520992	0.0449880544569909	0.0158804359219715
"155"	0.550504262454557	0.220819062432957	0.0485565639864734	0.0182658868098321
"156"	0.194700580651143	0.131005098190245	0.0619924319648859	0.0124183085266831
"157"	0.752636540188776	0.318932516509679	0.106799931397358	0.0290253986138623
"158"	0.566174586452073	0.180953093068556	0.0616637782711352	0.0266733291470208
"159"	0.322753179591604	0.2168104155082	0.0395712955728476	0.0214134648775194
"160"	0.428056453073798	0.18479878863163	0.0408135106536443	0.0233537074174309
"161"	0.448013906922027	0.185183276026325	0.0709395141294519	0.0180160698319127
"162"	0.536150687692248	0.159515443698999	0.0546808299976205	0.0192260669405673
"163"	0.367884783678659	0.24345890891693	0.081940144610935	0.0234881154978032
"164"	0.35288637008115	0.167233816790393	0.0600585874684909	0.0212160950107293
"165"	0.540050376632402	0.170004146870413	0.0529084527168009	0.0177559594957583
"166"	0.542243147222199	0.170946502159899	0.0447924032076887	0.0177160569261375
"167"	0.261518220729328	0.196874367041333	0.0697093341765942	0.0173272538975
"168"	0.421425539964305	0.16815446872438	0.0523604240624202	0.0156075554100701
"169"	0.638860935600347	0.141423785763999	0.058834402456996	0.0244583479420371
"170"	0.218690885043927	0.184841441566089	0.0460239635736651	0.0172869135265252
"171"	0.339371563434829	0.190795079457799	0.0480026543564538	0.0280344590989355
"172"	1.12785058489977	0.168358773893097	0.0698036560546105	0.0253095386967158
"173"	0.350408989227963	0.163105223084778	0.0683782794418885	0.0265032066188335
"174"	1.27953029029827	0.185017872009473	0.0550771680361108	0.0280936623602034
"175"	0.933311401695442	0.197547035910481	0.0477509586816865	0.0255908385417328
"176"	0.508568154035327	0.171349377920122	0.0478377779247832	0.0185692565670971
"177"	0.346566301002498	0.167756253754793	0.0722653102587995	0.0172380626479739
"178"	0.391707649447823	0.293507159521963	0.0592040793508265	0.0243358631722663
"179"	0.422844754019909	0.201628278768606	0.0569723117545631	0.0261995925626061
"180"	0.454086252294521	0.116531260969267	0.0542176595374409	0.0171487597134621
"181"	0.500062139070521	0.187482423025801	0.0488795792479992	0.0278743761566754
"182"	0.259524770021552	0.156444463711824	0.0420279673371584	0.0143936401758049
"183"	0.593075543755369	0.341605705398898	0.124439651741811	0.0308238625977012
"184"	0.496918514194361	0.299246675190242	0.068303436420295	0.0256590808788907
"185"	0.265269991909177	0.174185320247025	0.0588349598531475	0.0187771209206233
"186"	0.646400833048045	0.287940144370645	0.0547220832996165	0.0309859775380669
"187"	0.525438603497259	0.17800457823542	0.0552377743031208	0.021725011995368
"188"	0.432899896627207	0.174362112762918	0.0640045984595138	0.0210113110757306
"189"	0.667061090432085	0.161112955594627	0.0387850568661737	0.0215514693244746
"190"	0.495755719465345	0.161793777146991	0.0561376176031785	0.0193676099995857
"191"	0.354679868627406	0.177416907031192	0.0553927594284557	0.0256098768915497
"192"	0.41401942399689	0.226826480219961	0.0495011836826334	0.0231905662150429
"193"	0.965652914990295	0.155968782597472	0.0463219013549789	0.0184028198271664
"194"	0.480187922549037	0.155424070685446	0.0504962676354612	0.0270960798646448
"195"	0.457269532983004	0.2399266924531	0.0822363755674956	0.028001073946854
"196"	0.317393080565988	0.275994117231415	0.0783951126486947	0.0257879923288462
"197"	0.507141833771033	0.151037465834849	0.05822871229644	0.0287117931377409
"198"	0.618158833953104	0.181762040023402	0.0410334250472685	0.0172905084651836
"199"	0.299496885641255	0.150188500831804	0.0352144148227537	0.0179237645138615
"200"	0.83939767124666	0.336654172336517	0.0703224956242598	0.0283190140655233
"201"	0.318810180960892	0.233066861702706	0.0566727729357916	0.0193756357264252
"202"	0.586573942521848	0.284850360735089	0.0561256552196672	0.0263628759644951
"203"	0.346085442329461	0.153770255387295	0.0657451026417448	0.0181861034124882
"204"	0.345453260169883	0.246055587917545	0.0568185414146816	0.0196906757921228
"205"	0.913726227105906	0.417644655090875	0.111394486320355	0.0281672959184208
"206"	0.575368598013277	0.19651656021575	0.0660320989192357	0.0160145087823034
"207"	0.264622810031047	0.184337269858765	0.0541743655379741	0.0282351192369299
"208"	0.291061485510616	0.153701895893091	0.0383357570250465	0.0190725043398985
"209"	0.459817522926984	0.182670997839831	0.0507100182906067	0.017058121186742
"210"	0.885872432976223	0.273496662951228	0.100590316851092	0.0251805162804619
"211"	0.525893348654933	0.344330955328754	0.0754682087889371	0.022910303498618
"212"	0.406449050564693	0.132880832366539	0.0499342412647115	0.0186441995521928
"213"	0.679134540729848	0.207946772980314	0.0458677569238932	0.0227196289752008
"214"	0.826598427084214	0.157467873212579	0.0511682531368477	0.0257492802500498
"215"	0.815049930111539	0.277496453930427	0.0740996888841336	0.0316582462925162
"216"	0.204931006940253	0.102517782727766	0.0366483322251685	0.0158755947165054
"217"	0.488221397168324	0.195753923156682	0.0507432900396876	0.0259070151125205
"218"	0.291426169106694	0.157748127132377	0.0365007422519622	0.0199946257578676
"219"	0.579348173558741	0.137397705400015	0.04604645593875	0.0191364982677441
"220"	0.527612527251429	0.302008229894009	0.0705712451632868	0.0184026431291463
"221"	0.542356253257128	0.349316536209263	0.0468687765081548	0.0267405105983351
"222"	0.421749381382669	0.215943242404574	0.0468020363548551	0.0208604919239643
"223"	0.513643591175341	0.191780593121375	0.0522665818982621	0.0187794294545453
"224"	0.576311599516696	0.123945842335202	0.0402598566207561	0.0181372998019505
"225"	0.453784726633216	0.271596307714778	0.0650158794673651	0.0197756677572166
"226"	0.759681726805058	0.23916066209293	0.0601271520384327	0.0245125208720946
"227"	0.475656934221799	0.187660461582404	0.0490184338344283	0.0184845825133398
"228"	0.395705665362502	0.25697866765742	0.0779342186481697	0.0202575563972824
"229"	0.698382111603406	0.201285372708268	0.0724465521115612	0.021426398100054
"230"	0.552209068671635	0.195390459349969	0.0721893761375807	0.0368244677664928
"231"	0.432800859721877	0.279124250264098	0.0519127808706252	0.0282171805340122
"232"	0.655753077732149	0.171035555129414	0.0585408722086672	0.0211030680411687
"233"	0.319279627068171	0.284864058684145	0.0605027791484455	0.0190750805245
"234"	0.339546212117803	0.203547201137286	0.0565886691357361	0.0185024495320846
"235"	0.539990996656062	0.181382565517271	0.0519160020123584	0.0220965997527438
"236"	0.487333525593862	0.153639585336919	0.0343957267180725	0.0213829459007246
"237"	0.495988407681034	0.126219796077977	0.0308094148897222	0.0171609494031733
"238"	0.576856398714167	0.22338695943883	0.0906633281427207	0.0260118132586983
"239"	0.419124637490703	0.179823467149567	0.0492831556829506	0.0255099255907401
"240"	0.871629963627543	0.185783983213875	0.0619791144106116	0.0253090778665477
"241"	0.358464508785573	0.184639754743964	0.0447400734125866	0.0283057759282069
"242"	0.594079481976104	0.214342542755327	0.0527404320474449	0.0215517718872778
"243"	0.661941990135543	0.15529818237154	0.067655610950697	0.0242752409491443
"244"	0.378495785870241	0.192783599329114	0.0398998378839045	0.0235530669766107
"245"	0.447387333536049	0.320043618880655	0.0672904481769222	0.0213843529164134
"246"	0.582924142574453	0.216190196373264	0.0612255279737864	0.0236947972088455
"247"	1.20076150258305	0.290056969933192	0.0795834647407208	0.0323031290480498
"248"	0.362690060906999	0.17413261048854	0.0368100603818285	0.0204434416998244
"249"	0.468829537857003	0.348967520141444	0.0692820399346325	0.0235652494719556
"250"	0.34591675648089	0.285629157565951	0.0572633826758478	0.0217575598995289
"251"	0.661616797216452	0.173238991734291	0.0447172173382212	0.0194420426564287
"252"	0.741426259468269	0.176804699065312	0.0579501430884679	0.0183749902564103
"253"	0.455211150168799	0.25252300515901	0.0577192985652109	0.0211704633153406
"254"	0.464761182879201	0.231244039846597	0.0973375836705943	0.0182908240843984
"255"	0.455001971362343	0.16098942670514	0.0355603940573254	0.0207329550507012
"256"	0.543219977963977	0.246897253739899	0.0877377286111702	0.0258389243963835
"257"	0.383755375151516	0.235623087210405	0.048704497612069	0.0188384906223009
"258"	0.524894596723572	0.292116066444594	0.0659794699263729	0.0226329566516595
"259"	0.361435824615859	0.128329443701256	0.046028715739711	0.016826111855325
"260"	0.490641619907086	0.149072003761591	0.0630417319360466	0.0241684882263498
"261"	0.366261185791363	0.167282008251718	0.0488304659886491	0.021093030791829
"262"	0.712166820774413	0.143997658063241	0.0555972470863538	0.0222539012651455
"263"	0.462814978795308	0.15684982524973	0.0379721370122342	0.0160465789477309
"264"	0.282243921150472	0.227624116025236	0.0659650453655019	0.018893196680368
"265"	0.262084027103157	0.185683710164342	0.043252890125658	0.0188249094916161
"266"	0.577069156765337	0.132808070504872	0.0522317785721993	0.0165650393556531
"267"	0.491173125698337	0.223621598539325	0.038860219984417	0.0196360109961288
"268"	0.640593795834147	0.195892545534266	0.0835560707899967	0.0208977654955043
"269"	0.777433118073271	0.147575681818983	0.0558766492699457	0.0161799727762407
"270"	1.04664979009274	0.181669860083666	0.0615718076668197	0.042528259373811
"271"	0.736604842081909	0.133170710874568	0.0467878602680211	0.0241392612068128
"272"	0.394892354922501	0.195407946182478	0.0496329447999614	0.0228338370041446
"273"	0.489903445996903	0.247818824626844	0.0585563901152552	0.0172467078476523
"274"	0.427545970833908	0.202887407421627	0.063414441551114	0.0219117280759934
"275"	0.326445440637419	0.231194597068841	0.0686863405457148	0.0264150011612082
"276"	0.554340080691179	0.180872069033663	0.0364518298952818	0.0248351373875751
"277"	0.453309520885874	0.264275697749747	0.093808627468339	0.030221798779597
"278"	0.4029143583467	0.227706657135967	0.0422935311075483	0.0185619502933316
"279"	0.763134086668584	0.247425765284479	0.0739525175094736	0.0249610565301331
"280"	0.480947275758846	0.252823700975123	0.0802105295819066	0.0183841441227303
"281"	0.635145680555626	0.233220619005905	0.0566628264699443	0.0240499508513541
"282"	0.312874794834609	0.242339763326644	0.0820960563157651	0.0247321438410912
"283"	0.595388177076939	0.31294898118084	0.107845868546696	0.0338791501830783
"284"	0.565400885603022	0.308416684479284	0.0870443422241758	0.0275128118603027
"285"	0.473630978835159	0.248702357192918	0.0513061786019598	0.0207509722066572
"286"	0.263908151820116	0.184310851520608	0.0531465990663657	0.019017345097939
"287"	0.262857431364271	0.148078666424948	0.0539867305163869	0.0146096103450684
"288"	0.71136587660777	0.274223462252566	0.0763483507912077	0.0326834620335873
"289"	0.58730488618839	0.229008829144294	0.0694485832492319	0.0231352709442344
"290"	0.410135189733422	0.207330375968815	0.0685623994351105	0.0208221521439307
"291"	0.331400362280621	0.195228563807824	0.0993838744120096	0.0256695339023518
"292"	0.584426123090799	0.177124191674271	0.0481900752133127	0.0171172829504126
"293"	0.299148687113182	0.209178605974968	0.049564349184465	0.019870565163765
"294"	0.328318893430357	0.241338957473121	0.0504712859478025	0.0220792787081543
"295"	0.236134544663772	0.202711289485197	0.0376797898199403	0.0200057051265401
"296"	0.265074152819345	0.110495813396765	0.0310611568611549	0.0183542128800846
"297"	0.427775918715791	0.199244259777618	0.0556224130044777	0.0198773125700501
"298"	0.629755351163511	0.329668890612192	0.0820347327564809	0.022977741708478
"299"	0.460041585738086	0.163406731269732	0.0456677382770337	0.0196115484399928
"300"	0.303607419407461	0.165830655070424	0.0567630677357856	0.0167073165842157
"301"	0.3067357716672	0.164764557323973	0.0758073032626878	0.0181312838256335
"302"	0.48249027014438	0.164967354719671	0.0412008035167927	0.0175190051296692
"303"	0.613267565514678	0.174455391873334	0.0494174448142861	0.0223060330359663
"304"	0.683443712390349	0.219475518653077	0.0616863343076638	0.023644583815634
"305"	0.493839514112291	0.14572063911794	0.0314055720642599	0.0181754488398357
"306"	0.482849015653336	0.201433844606512	0.0617517600628974	0.0201643947527507
"307"	0.392840326674264	0.200277904332304	0.0582895165798742	0.0191657864897067
"308"	0.43022304892333	0.155279697924967	0.053973691094468	0.0187490725489658
"309"	0.479732951658321	0.143615291642661	0.050726726252263	0.0192101367011189
"310"	0.67558313230589	0.233546779192488	0.0556548870819572	0.0256261276467581
"311"	0.46711522799428	0.25713134059784	0.0542447007237467	0.0282462447833452
"312"	0.49722695783225	0.228895493910073	0.0830538274591866	0.0193463989431259
"313"	0.253674098287819	0.144415587073595	0.0440149902021454	0.0172859465592428
"314"	0.261369123424351	0.210501769781292	0.0598966802603716	0.0175441392727725
"315"	0.663098509098926	0.163415212635174	0.0446612708934664	0.0205922147287603
"316"	0.499587136874228	0.151401585700864	0.0377574278648899	0.0187838970930434
"317"	0.611765516683694	0.320230198423504	0.0740592092744193	0.0277817522912429
"318"	0.565509082500904	0.18407107364164	0.0754329366604541	0.0183669009380583
"319"	0.47365656342089	0.167530207292985	0.0659859249139979	0.0257904117662351
"320"	0.435392632438086	0.148452622025721	0.0472580117674	0.01814333497069
"321"	0.516961276971952	0.185721300896595	0.082762869453233	0.0292659497632648
"322"	0.480659486329553	0.174268181836471	0.0548344736577848	0.0174537054916876
"323"	0.35542614708899	0.160126399143178	0.061526853062534	0.0205558461154593
"324"	0.434637769115896	0.370134921458626	0.0853274054809363	0.023837837159887
"325"	0.772489926730171	0.175996388836102	0.0621652995462289	0.0259411531551064
"326"	0.418384001836448	0.142279573283595	0.0484166872751166	0.0180718063101122
"327"	0.619374980718554	0.178482051794482	0.0459763730619423	0.0200449380132863
"328"	0.35562594178553	0.194397747967797	0.0777576808202325	0.0201989741569649
"329"	0.904403401689602	0.184484413727146	0.0687826765200374	0.0188808652271844
"330"	0.27801808247746	0.216823916950142	0.0993222436901332	0.017564774588449
"331"	0.675829147346583	0.212839881150757	0.0485644006188159	0.0325697931699006
"332"	0.464182657887006	0.170041294866695	0.0571840235430801	0.0223716094836566
"333"	1.11942659457612	0.24332604590178	0.0690870565905883	0.0290493934348908
"334"	0.604842711818239	0.172265577812872	0.054584940075473	0.0219592371691129
"335"	0.949068736028281	0.258951939426768	0.0605444515445939	0.0280545733253566
"336"	0.633232058479392	0.27975772222457	0.0732862998482604	0.0210968904780467
"337"	0.507631550009269	0.150254820203735	0.0643212736345571	0.018275489973308
"338"	0.444257737807683	0.329001457118947	0.131046238120511	0.0258604691905529
"339"	0.474591743950052	0.138409347493528	0.0238251512539108	0.0191945652987309
"340"	0.336474709527184	0.210082996474316	0.0613470581537727	0.0153804089509657
"341"	0.529368880598495	0.129837040246174	0.0358049852448816	0.0206085677256078
"342"	0.623518129087754	0.149705638112691	0.0703080183446021	0.0224354185789477
"343"	0.76392968933119	0.498113725896659	0.0557877831776532	0.0353376921751126
"344"	0.682858918747988	0.25652211327426	0.094542493886753	0.0252635147633076
"345"	0.33900622997563	0.300084682823128	0.0486272112194404	0.0225784069762195
"346"	0.466497674983107	0.287015628099516	0.0993802787137972	0.0193861454997458
"347"	0.435275371418575	0.243033727801353	0.0825789539308773	0.0239628975083601
"348"	0.505781894096145	0.188579074329443	0.0483217157974984	0.0220333492386147
"349"	0.380154095175191	0.245028699261261	0.0810176110336704	0.0248504066968681
"350"	0.485605736627227	0.238626724386158	0.0938712685182081	0.0332406491430563
"351"	0.532287821444435	0.279336008189432	0.0627839413491411	0.016227604270309
"352"	0.552068211087654	0.159369323681317	0.0533547380115818	0.0211290133405697
"353"	0.311287004478215	0.205542684597934	0.0578679569064565	0.0191081930915497
"354"	0.569910291810661	0.279897997311445	0.0535264089926838	0.0219297276111343
"355"	0.337121261255398	0.126702416833119	0.0373596670977166	0.0163623458529509
"356"	0.469913399066136	0.189911119383137	0.0410395209003825	0.020235432903567
"357"	0.485972490445937	0.195831489142667	0.0657368208971471	0.0197650528134816
"358"	0.528873680806758	0.191907332835231	0.0620681483445848	0.0189294566934082
"359"	0.661587359349291	0.157008875392827	0.035302915367781	0.0260403442990584
"360"	0.288537021580902	0.198779493153981	0.0572097467863342	0.0164365244772033
"361"	0.463619664269459	0.204084503917176	0.0783550622862174	0.0237970221440022
"362"	0.473557027308875	0.135336160175105	0.0676422101521139	0.0158967979240677
"363"	0.424131034576113	0.368037436131646	0.0709802942477051	0.0319533318817979
"364"	0.397552223691075	0.278570208071147	0.0795876995515069	0.0251423900310395
"365"	0.646879383110886	0.288193062406429	0.0904696255969687	0.0288348607674562
"366"	0.304278535868035	0.161649474743159	0.0499366400120582	0.0165902989534332
"367"	0.495646117054123	0.175003557498142	0.0463118399969685	0.0212770112776139
"368"	0.398455150297086	0.232323510580097	0.0748044415321888	0.0197434799681768
"369"	0.353534097774123	0.163175313809413	0.0530731329943045	0.0197784431021006
"370"	0.524187650552458	0.194316896311622	0.0698880104071341	0.0225761101405473
"371"	0.316572632859048	0.106457965073941	0.0298928963698502	0.0148024583177243
"372"	0.607103570831055	0.196813664463802	0.0600382066309994	0.0249363085854613
"373"	0.474541855835886	0.186522729683008	0.0557196372543671	0.0264653321044816
"374"	0.838184549651932	0.210449690280411	0.0628653972022576	0.0227447739946461
"375"	0.563432396848445	0.197549910751908	0.0545813407560332	0.0177254223009757
"376"	0.311763060186884	0.175180661469786	0.0449573332795402	0.0198098800670574
"377"	0.545767538889836	0.163776859896379	0.0563727377463611	0.0176804229019352
"378"	0.82222441263506	0.199977512306005	0.0674392540630305	0.0180633502839492
"379"	0.480695177343471	0.159373748252546	0.0487509424143885	0.0247717576399172
"380"	0.488115871701983	0.195396350457802	0.0654974937501357	0.0214018390107193
"381"	1.49289877326877	0.24210738265613	0.0645345554921215	0.025546520123825
"382"	0.665700402143532	0.243811431642682	0.0434343170180102	0.0271618730690828
"383"	0.233813275934696	0.139272803942956	0.0471629014973405	0.0200490954632877
"384"	0.338724164503865	0.153281897422447	0.0462832540358495	0.0155362315006437
"385"	0.760044453437451	0.210486776128895	0.0676271988072445	0.0212671760876777
"386"	0.640952245624228	0.145961192192402	0.0354334781460381	0.0200192916048798
"387"	0.527316399084345	0.233591456164441	0.0664954617949048	0.028668521963149
"388"	0.462749684010119	0.37016464166092	0.0583658755883276	0.0255659017866624
"389"	0.206387004963507	0.129664220028059	0.0308455962695644	0.0153741114050294
"390"	0.309128944504266	0.209876731183733	0.0576954423740675	0.0228682701109404
"391"	0.328761447893004	0.131220215239076	0.0442187641019054	0.0194551516173119
"392"	0.548800225184733	0.216759656853728	0.0488454658457644	0.0202041068662389
"393"	0.380106164832198	0.22375160071097	0.0651697229343143	0.0173246536389969
"394"	0.461815597251244	0.111702372144492	0.0896597789192775	0.0203671051592545
"395"	0.438272130201684	0.170026541946563	0.0411622016503649	0.0210048395450187
"396"	0.57673231934508	0.23304043705741	0.0535270676721622	0.0192759011644892
"397"	0.666626701039293	0.25911165105787	0.0599198458261784	0.0228474104729623
"398"	0.711751274252734	0.135160544825754	0.0318793349088876	0.0213782441774503
"399"	0.576286763253876	0.222896614640193	0.0901811668152737	0.0195753831514061
"400"	0.400764318289212	0.325627784289501	0.0716828137770085	0.0250892391647766
"401"	0.621357061020288	0.117473624192658	0.0345364654827045	0.0210408547001457
"402"	0.437438930685534	0.264739392188435	0.0483589482644369	0.0177799265554366
"403"	0.407397726709573	0.278088960317189	0.0712045052092351	0.0253998990427181
"404"	0.462698193619799	0.207754097616105	0.0645644613490904	0.0185444957877942
"405"	0.657606400605307	0.170842443463742	0.0606423490789546	0.0249605459470043
"406"	0.501660030478556	0.246403445498359	0.0556497035747386	0.0280342703239141
"407"	0.277932724217337	0.211245427305608	0.0518404402163983	0.0156943017010598
"408"	1.43576185949093	0.270027923597905	0.0679386774774816	0.0224237103645715
"409"	0.335389250320138	0.111043295838029	0.0334330381517387	0.0124862434887016
"410"	0.676161996887214	0.209457958612413	0.0666114979451366	0.0255370223047875
"411"	0.30621089057947	0.242962163971963	0.0452312313877561	0.0267980444651538
"412"	0.370507340815663	0.178045965152033	0.0484663152992918	0.0238204975101874
"413"	0.295544955433988	0.177428849280346	0.0536702080384019	0.0196077480766635
"414"	0.732985856489404	0.220809065990516	0.0768955483971297	0.0186134290399577
"415"	0.34637670014239	0.196198787677385	0.0575197494215785	0.0171163158607633
"416"	0.373110564971793	0.202134092642369	0.065090629129965	0.0205594088616586
"417"	0.922704814564341	0.154183018701041	0.0646283103720421	0.0228747865911024
"418"	0.224209161982511	0.166390594215071	0.0535149217311897	0.0165777722877606
"419"	0.456725632164378	0.195564763740469	0.0671442560517044	0.0229253485316849
"420"	0.537677745099765	0.190969294973428	0.0745212545409345	0.0269224456686677
"421"	0.617659005301102	0.154968441138623	0.0441063690741129	0.0227641117596247
"422"	0.588144830086715	0.202770413997198	0.0652062033357057	0.0215265236492123
"423"	0.659075136940824	0.187125337583309	0.0313278332408044	0.0219503532950453
"424"	0.622762930547612	0.273925204854485	0.0864334285045179	0.0216077364981135
"425"	0.364162025263411	0.206416103704043	0.0669080019617622	0.0207039121952038
"426"	0.420613405076986	0.191066489547571	0.043925666762044	0.023519614478742
"427"	0.315724285013155	0.219212781286296	0.058808628332576	0.0230372722315176
"428"	0.452494382135095	0.117012721889318	0.0375269579611705	0.0131211019697504
"429"	0.277132175791014	0.188078222824589	0.077653784149939	0.0172792333900126
"430"	0.607501482852946	0.122620244929675	0.0424593393061906	0.0234031115497394
"431"	0.284132198625665	0.189101424082995	0.0444403161166937	0.0251617535655797
"432"	0.468708141839159	0.336855944555349	0.0640141030160737	0.0254189265822667
"433"	0.756014943599242	0.348598101911024	0.105484775944462	0.0276374753709301
"434"	0.481207745080213	0.252521162749943	0.0770381814701786	0.0257628058324821
"435"	0.365597936562493	0.175168424718765	0.052680961108168	0.0191078751224158
"436"	0.288527011599833	0.145578308685484	0.0556931120756918	0.0187161905466763
"437"	0.528331149824779	0.175319441881964	0.0798952386046252	0.0171322428173402
"438"	0.29990794922396	0.213033775016378	0.0615854939926386	0.0227178034195096
"439"	0.532704492260778	0.193894243394539	0.0401172440533287	0.0202487501166115
"440"	0.359754262941798	0.135596673392998	0.0550003678090401	0.0189704880879725
"441"	0.377089208476719	0.293604449280737	0.0462049217939534	0.0215187426205815
"442"	0.626565391338481	0.217144567683357	0.0663754412381399	0.0282542287167908
"443"	0.82707078759553	0.142932185948988	0.0527469356602254	0.0292617663348213
"444"	0.36927489190047	0.157937749318426	0.0448455337786262	0.0148781874342089
"445"	0.354058084858556	0.183930603302958	0.0483136366993351	0.0222306313139794
"446"	0.782409769903647	0.271000824448079	0.0565868347443833	0.0362408939805626
"447"	0.65079691064225	0.163155023388474	0.0562870047796063	0.0216757069499187
"448"	0.33874007379046	0.14899697539295	0.0318798259940269	0.0212791200409382
"449"	0.504685724296818	0.329480945875505	0.0898002638348318	0.0305243994599029
"450"	0.38475411808661	0.238020173984508	0.0715711038210982	0.0185380885872886
"451"	0.750383854192125	0.228835844961948	0.0695122009429334	0.0281427077614208
"452"	0.312320414568824	0.203141532094694	0.0646341812870664	0.0211452614196459
"453"	0.518111257584274	0.145818985656582	0.0446105608588135	0.0130881594538897
"454"	0.630485329944372	0.230271796458774	0.0630610294386076	0.0266867983137103
"455"	0.717941525352709	0.191223243464346	0.0796417726711535	0.0202608736706385
"456"	0.497575088739118	0.228999485499492	0.0557823461705473	0.0238844581711753
"457"	0.330505324995924	0.172788331596416	0.0404023859839405	0.0168195275054015
"458"	0.254284101043497	0.171487624948299	0.0562751269384174	0.014453118157735
"459"	0.434419443509809	0.175723455265053	0.0871133197792599	0.023149317330638
"460"	0.773190663263351	0.143649340206961	0.053354762163043	0.0190678048190597
"461"	0.547873015140476	0.186186520869494	0.0754618515029747	0.0171629414224295
"462"	0.578700032260445	0.176480275570139	0.0431478917111413	0.0178302330454109
"463"	0.411579950787049	0.175912844521853	0.061221604285836	0.0204413047532107
"464"	0.502145795663492	0.217474528103892	0.0428105505542921	0.024528906722689
"465"	0.480054660659193	0.139335034656409	0.0385814829359178	0.0225692937063532
"466"	0.504629224863915	0.228393220993813	0.0509866441153013	0.0253638877181113
"467"	0.773230256315111	0.223101856117378	0.0590169614867887	0.0290564752117172
"468"	0.757802423542876	0.137920941677021	0.0285090518121131	0.0206765658276823
"469"	0.356268981901476	0.192456562429579	0.0559776104675843	0.0209878279634663
"470"	0.357266450371187	0.2567481491019	0.0943045114041548	0.0222748330027687
"471"	0.284513713489804	0.140497807315143	0.0376833762398794	0.0160762573739306
"472"	0.852382348643911	0.121577742528279	0.0560604411724052	0.0199098032545506
"473"	0.446008080429619	0.196518116569823	0.037426882338512	0.0183351303977558
"474"	0.365528780297671	0.185367479856731	0.0552465388312615	0.0179691124727347
"475"	0.802891837135674	0.162633964530849	0.0422652742226247	0.019879544350949
"476"	0.50817646478193	0.273730766651174	0.0759598187386019	0.0257673213701292
"477"	0.52224138675447	0.171817513515598	0.0630927734552182	0.0216419475254411
"478"	0.430887736376821	0.179097105688539	0.0469053748481651	0.0181596229332534
"479"	1.26893542662522	0.170378785579414	0.0722730656835355	0.0240525084748277
"480"	0.308040570795349	0.26664093582476	0.0555880161090885	0.0230876563952097
"481"	0.223871123719541	0.193326385018114	0.0541486058142704	0.0177075835139804
"482"	0.515114837304194	0.229561462441181	0.0396665623710057	0.0213110228181937
"483"	0.686160580604495	0.254585854189139	0.0677671046642213	0.0301402718100973
"484"	0.915405643990038	0.225125877648224	0.0932961142921786	0.0233664616481059
"485"	0.635301391906973	0.268704823992987	0.0604057039823585	0.0260204079001851
"486"	0.509886959241466	0.242330068343411	0.0704563273083651	0.0209848398513504
"487"	0.295113955320286	0.112395437334177	0.0261673969161676	0.0194485558426074
"488"	0.551872937341966	0.14302133425365	0.0489123183917516	0.0222022702529826
"489"	0.492467494115673	0.21803530427764	0.0846053265889089	0.0275755592593774
"490"	0.789293132800586	0.139265618591977	0.0383978956780436	0.0180340413079759
"491"	0.371582595929532	0.180566085536335	0.0365657124835117	0.0174907161750718
"492"	0.480369474538567	0.242263530429423	0.0757669189835636	0.0199778389197449
"493"	0.394681495995262	0.121224965068947	0.0360419080148388	0.0170977310439376
"494"	0.374903806917058	0.166124107803309	0.0558995834501275	0.0242697626212857
"495"	0.421325109901338	0.186015295240997	0.0552622020429953	0.0185908618607367
"496"	0.580678672256246	0.170773222935473	0.0423348830733674	0.0201502587858694
"497"	0.303911591296543	0.221788455115513	0.0485949816402443	0.0175215436113506
"498"	1.01230754797442	0.138999874732087	0.0702730242868127	0.019831163693582
"499"	0.541811401846151	0.283648193691946	0.0773900242606278	0.0254372203861403
"500"	0.408493617638268	0.300720644679868	0.0685685544252323	0.0254655478011654
"501"	0.217841578926336	0.138648870038558	0.0526890609794447	0.017160767766957
"502"	0.248814555598348	0.174943097537757	0.0691893740014047	0.0197770776044077
"503"	0.723431727197259	0.131191405741158	0.0473434424837819	0.0246969838627397
"504"	0.711822313128883	0.275822244697609	0.0831516154341184	0.0299104585568598
"505"	1.42426395539942	0.185899046849689	0.0764321665499871	0.0288026554039664
"506"	0.605465246526499	0.195056946517288	0.0508030788157312	0.0199444796911624
"507"	0.659792891135344	0.186971522825969	0.0468412962364231	0.0218560362058255
"508"	0.296527411099155	0.156345054670516	0.0381016473272924	0.0140572443444016
"509"	0.29473552719894	0.253955321454792	0.0457502142921852	0.0194228313649445
"510"	0.237095152957346	0.185408874419011	0.0509012084254431	0.0197548838035434
"511"	0.589911413367281	0.292720782530516	0.0908614851140751	0.0193857009132674
"512"	0.393699288679226	0.176068112103487	0.0357816187427727	0.0196476191066142
"513"	0.264547535322395	0.144542761952488	0.0766439635534672	0.0166549130764287
"514"	0.542132538745035	0.168238148481771	0.0489374094498922	0.0219500422871862
"515"	0.313792636368517	0.192567227837447	0.062892256893029	0.0189851422932766
"516"	0.529499403320778	0.329911006168031	0.0837385160714816	0.0333981713565393
"517"	0.511959463216804	0.241613248977097	0.071420546276522	0.0221076066115893
"518"	0.422793989965921	0.133606689858109	0.0525918112649412	0.0303443740735638
"519"	0.510501584812251	0.227006372752625	0.081529424486977	0.0293787114937219
"520"	0.826866564136603	0.170033706972411	0.0599833500402152	0.0240589009313939
"521"	0.391725430114112	0.199965922881647	0.0476844164589269	0.0186570417157932
"522"	0.500313897475545	0.114417229193811	0.0779776361169234	0.017984530393905
"523"	0.411133591737489	0.176304583960475	0.0377866764345759	0.0213904423694598
"524"	0.660733561454004	0.159126525819426	0.0515068371350292	0.0173662482764994
"525"	0.362921190142373	0.234509698390178	0.0630068656921537	0.0297335125736323
"526"	0.409989784552922	0.262625585468315	0.0541665792619437	0.0243569396101986
"527"	0.252209601653841	0.155832497545934	0.038597830449832	0.017630514027733
"528"	0.365463964348031	0.169170686464218	0.038372757901551	0.0227483959668779
"529"	0.344801589931834	0.21021726551748	0.06215635305881	0.0174837229369986
"530"	0.579706746824329	0.132077660501314	0.0558611644745526	0.0161329398685288
"531"	0.202325791982507	0.172202497539621	0.0525861248970489	0.0171745411785285
"532"	0.557230102709303	0.206550604475772	0.0581857103690978	0.0228990807577592
"533"	0.352976148184227	0.234874206633585	0.0550141817779908	0.0188568400421752
"534"	0.330274396728772	0.164437982469294	0.0587989278551991	0.0180593115188953
"535"	0.321771500651537	0.156472066265203	0.0455514606241364	0.0197181630426125
"536"	0.47474162558718	0.311553072637173	0.0898920400220622	0.0222830029047366
"537"	0.419165893786886	0.198912619856032	0.066700676947854	0.0175365782415898
"538"	0.998439133272826	0.235560317079485	0.163598375299769	0.0312957683420794
"539"	0.352892978901723	0.188223943052469	0.0599204266722785	0.0178769737270008
"540"	0.871613306127806	0.140133664849327	0.0820520719685802	0.0256310690183914
"541"	0.466602406276614	0.252722600060964	0.0594625651510894	0.029293366351797
"542"	0.417528982869102	0.265733236721247	0.0625225819031995	0.024876814052347
"543"	0.667741662028603	0.200834845219444	0.0432145841124636	0.0237375365265488
"544"	0.351855886437465	0.181778155984586	0.0565237876348127	0.0186253730121822
"545"	0.385546409330347	0.200285489177808	0.0559779690367065	0.0226713373998449
"546"	0.405487858664087	0.225839674988832	0.0533483928291369	0.0210097230718219
"547"	0.350402084052617	0.237987590001893	0.0343840254950198	0.0192154196160793
"548"	0.39445546221833	0.270642381027202	0.0740884316961507	0.0216804768228099
"549"	0.40432506871134	0.276010091047368	0.053303305185632	0.0184425054190033
"550"	0.427968083803515	0.238034373386196	0.0569560150091112	0.0242703743855552
"551"	0.370772229483213	0.259123499188263	0.0752831616238129	0.0234677294955344
"552"	0.27807470087839	0.134875228256924	0.0325778469195759	0.0176521646230475
"553"	0.182297579382064	0.167432426774381	0.0476716155271902	0.018059864737903
"554"	0.225675546236063	0.121438191161996	0.0399952941924461	0.0209873246649061
"555"	0.724040223285127	0.295540865630127	0.0587744702252007	0.0230828347835526
"556"	0.410568438721947	0.273221673221405	0.0740658474958208	0.0250910446015614
"557"	0.227163213521283	0.10844957765838	0.0404946258262851	0.0160826158124912
"558"	1.42399876306932	0.244276537630985	0.0605597328847447	0.0309902415882424
"559"	0.223699772066179	0.147204124374285	0.0444703027364222	0.015827273824296
"560"	0.458069602575792	0.146598970275865	0.0583422261959913	0.0206694815084274
"561"	0.594016496811998	0.174248913680962	0.0479674326321655	0.0187121457433138
"562"	0.309869076938957	0.285574173754759	0.0661855189917448	0.0254093789378757
"563"	0.494546036291573	0.309429666328751	0.0730586183196401	0.0206181505008161
"564"	0.534841340467954	0.177483380477283	0.0583261273645999	0.0207445578451637
"565"	0.435610467567752	0.194782983691683	0.0630290646860304	0.0166455839986107
"566"	0.64387528048122	0.254610143574535	0.109946541331743	0.0213166015993056
"567"	0.834261570049885	0.224677553545801	0.071651725375514	0.0229808621226945
"568"	0.474377270415137	0.202973458220084	0.0410212860694736	0.0161768477788797
"569"	0.172073628216197	0.14462132748257	0.0378230821768407	0.0149777877231844
"570"	0.479477592455477	0.232894585066209	0.0757353295560386	0.0173013252218378
"571"	0.340311712963602	0.120961867372446	0.0472271809488495	0.0179353849341763
"572"	0.592834002102708	0.194341936352753	0.0622191056531362	0.0242765461745899
"573"	0.401871089314445	0.263991190135971	0.0738796054290822	0.0244724660056131
"574"	0.517588371088756	0.165841673305251	0.0604936127405255	0.0262342751775541
"575"	0.284388405220199	0.205494696552031	0.0592541735735286	0.0260194096528211
"576"	0.395796053787149	0.286373886688696	0.0684014304485812	0.0219362218842879
"577"	0.303637467911257	0.237246939486821	0.0585475438341673	0.0218125742002421
"578"	0.78014779779934	0.156853651392655	0.0394804576790233	0.0208517140212604
"579"	0.786242795203578	0.232262287301309	0.0642286534241712	0.0241361618918875
"580"	0.483423084705019	0.326328850826291	0.0941808875788204	0.0284354327449549
"581"	0.570134268061776	0.139628249900054	0.0384644244060668	0.0199028315592687
"582"	0.430392824762242	0.186201811049992	0.0572231375545183	0.0213036802564963
"583"	0.274199086017552	0.146586152221026	0.0634102578610716	0.0191984592747219
"584"	0.660351562339798	0.162095908086499	0.0700343495756148	0.0246658314318799
"585"	0.23058282325528	0.213692360868385	0.0414190746683144	0.0195350458979998
"586"	0.709372522974978	0.371292656419711	0.0918025146073489	0.0365465635715626
"587"	0.430590985220141	0.186689918316289	0.0511004019267065	0.0226333829298466
"588"	0.26228694698406	0.180938589275952	0.0514912612998897	0.0193528389063406
"589"	0.218511584260323	0.16693580722617	0.0308154544156711	0.0159641581839495
"590"	0.349583182513219	0.224919225933021	0.0494457159316175	0.0206324610567746
"591"	0.296105544264095	0.157970968307745	0.0553586050638278	0.019000986356514
"592"	0.317933902854094	0.244705672296321	0.0597449624965262	0.0200141309577692
"593"	0.659078525256941	0.220473362251622	0.0524279707163835	0.0244633729238262
"594"	0.270031126000439	0.17342752159993	0.039950573393251	0.0167868570786349
"595"	0.328838176376831	0.140320514728149	0.0436253392803216	0.0172389559508939
"596"	0.448672608166295	0.186592347586329	0.0440866249733286	0.0297647816939074
"597"	0.832453249784883	0.22332527913552	0.102964248306413	0.0278306905365385
"598"	0.405460590287993	0.176993287215832	0.0577528621542606	0.0200025319794836
"599"	0.440928887060411	0.171054793597819	0.0545860273865129	0.0207071709030895
"600"	0.536680493659521	0.258778301569018	0.0747178327929635	0.0263792528739522
"601"	0.758091014906292	0.283591928681122	0.0788015676534303	0.0289341708247505
"602"	0.877188632663294	0.159411437522581	0.0554578161546586	0.0209237011717697
"603"	0.93041071231728	0.157870180266083	0.0538187709848233	0.0209849740413988
"604"	0.372575030233841	0.192508363400284	0.0651701506962241	0.0186083720004165
"605"	0.209289895467442	0.115104449839077	0.031378020577206	0.0156917609629362
"606"	0.253981891100401	0.197163017300114	0.0473063348670483	0.0222104886370337
"607"	0.682226621831763	0.270049159872111	0.0670646206784829	0.0245400583389697
"608"	0.184607955195376	0.120681179873602	0.0456633302746438	0.0163327367580501
"609"	0.499161823310688	0.223861258308767	0.0386837555005443	0.0201594977378544
"610"	0.220984479685962	0.156699019966184	0.0309473550490925	0.0220399929604273
"611"	0.601545788346619	0.128623852509931	0.0557164668968996	0.0219840451907444
"612"	0.465148239928135	0.286060260845029	0.0756196177832745	0.0231603944245155
"613"	0.386712814397925	0.195086886249854	0.0568152588645885	0.0174014778316893
"614"	0.375057462892529	0.284669232336699	0.0577194186013262	0.0260092718423435
"615"	0.371443201494655	0.128654001191426	0.0399137602377255	0.0143075520844647
"616"	0.335996455501631	0.22036853537114	0.0774250693616528	0.020258390476072
"617"	0.508268829322016	0.176809187572192	0.0713256200792559	0.0234748512986472
"618"	0.476718808061251	0.283833623081649	0.105575338383663	0.0215015535870709
"619"	0.775324362779492	0.205149733729325	0.0561673826463966	0.0242430447261206
"620"	0.337269756562656	0.162356693673956	0.0593428662231345	0.0208068201766925
"621"	0.349258549231029	0.212654253077357	0.0718922083125051	0.0225615858691299
"622"	0.640564767795598	0.23707529264019	0.0700205453130426	0.0239393967543228
"623"	0.606604621709682	0.227077833192813	0.0422972466076788	0.0218562639270664
"624"	0.398293066665014	0.237899281791225	0.0535407430252069	0.0173332837747004
"625"	0.394881135394704	0.184755374347736	0.0564930455611653	0.0211337958144
"626"	0.433394196999726	0.233923909017524	0.0488443367871172	0.0214437486697956
"627"	1.01887839160701	0.147110031519339	0.100309176067364	0.0181716514962082
"628"	0.19370749527291	0.151654726741417	0.0405467918692037	0.015329099200572
"629"	0.296699456862345	0.158972306527017	0.0387317978685589	0.015199394382769
"630"	0.363288845400284	0.144513881160039	0.0357626738140197	0.0169397407484728
"631"	0.49892747033956	0.169232264087945	0.0400394200095711	0.018454539521637
"632"	0.956242268654573	0.171970086660747	0.0681164810887513	0.0211980733595588
"633"	0.37584946338548	0.170985643652051	0.0514358701512148	0.0186897124086252
"634"	0.397009238150557	0.289715974126027	0.0549217981745809	0.0206386091562661
"635"	1.05766667713993	0.273933509039292	0.0737783374122081	0.0209381951210949
"636"	0.444011480410669	0.180874935549088	0.0667029733203327	0.0229931464204766
"637"	0.664849329635835	0.19309646761731	0.0797503632956373	0.0244804739655626
"638"	0.518065103789605	0.264751967814951	0.0637708549208652	0.0269767433920224
"639"	0.518103287573335	0.232321009159072	0.0497753501556572	0.0287178662003587
"640"	0.354203731038721	0.142068590650089	0.0429423150677558	0.0165189819622228
"641"	0.414833472221023	0.168451087920475	0.0381552123472818	0.0210755710686767
"642"	0.524511186989195	0.345222632765551	0.0832201452575212	0.0350508432022759
"643"	0.541810894616844	0.213330943997051	0.0673292533301704	0.0182965751270502
"644"	0.452480777517356	0.371003567167272	0.106251815546117	0.0312962815373754
"645"	0.475307985469424	0.172113781444937	0.0439827105235731	0.0193750265524554
"646"	0.753401156480251	0.167510579225234	0.0393462587632958	0.02045972262066
"647"	0.275295090440409	0.205798614359088	0.0445557345501568	0.0286457806902057
"648"	0.545925320802788	0.210331442617409	0.0464125985171222	0.0213194707565739
"649"	0.243452917980232	0.196803844539575	0.0452133199869724	0.020417132815828
"650"	0.561877511053704	0.231422422127755	0.0559280577713325	0.0273827722054681
"651"	0.485694509621658	0.214672293762842	0.0556250579421035	0.0194502918349245
"652"	0.532361906881103	0.2512302324729	0.082531883698271	0.0231686632340926
"653"	0.598542419329149	0.246325690658309	0.0606318142369671	0.0207803146872105
"654"	0.563220107656285	0.246137722577471	0.0681106395739143	0.0253262758727057
"655"	0.701345913561427	0.256217151957573	0.0565220263856031	0.0287192262216312
"656"	0.544025415470398	0.191957503260548	0.0514748975099663	0.0256777697084946
"657"	0.35547655168755	0.174466315188398	0.0402681584615083	0.0155801503183113
"658"	0.491303327391239	0.219455825109855	0.0681395899034013	0.0262944411403665
"659"	0.589630017772988	0.117828617716313	0.0473891693493957	0.0204395380889229
"660"	0.388997465319438	0.173991419323931	0.0462486173217226	0.0204490080884087
"661"	0.880695580202506	0.365232087674864	0.103339066052459	0.0247023553878511
"662"	0.433309864997819	0.222849556166746	0.0504608911774265	0.026496414366271
"663"	0.583906590186384	0.169192418581537	0.0607310229632451	0.0198486264882265
"664"	0.828788474130094	0.242584271264608	0.101641357867883	0.0276495317119969
"665"	0.631946281772396	0.161848492826293	0.0473435380195533	0.0222508735095479
"666"	0.488930843127753	0.30088915213727	0.0862239745908719	0.0234879347147329
"667"	0.513975135890077	0.174110682521611	0.0466256274476473	0.022582928279127
"668"	0.380429900749812	0.135028194783398	0.0547109080086625	0.017029976396266
"669"	0.427097140776553	0.148934081521773	0.0530388846952704	0.0252999032245409
"670"	0.635907659835615	0.144922241189563	0.0431951407988498	0.0171844053298818
"671"	0.291537508215037	0.10824773892695	0.0529187747923401	0.0151153989232696
"672"	0.404972613610536	0.32853848175532	0.0634846642852708	0.025684211892161
"673"	0.828826677343666	0.165083459662774	0.0387842202905064	0.0255611950360891
"674"	0.665384717052213	0.203143833967208	0.0558409318276904	0.0219027421683326
"675"	1.35294795107165	0.261507532211337	0.0757878419645241	0.0362918006441638
"676"	0.50971872843167	0.135921496913787	0.0318078747107439	0.0157223407013083
"677"	0.641686271260829	0.156528970359226	0.0705600876840686	0.0277852670029143
"678"	0.298983299600439	0.174279218110863	0.0334374908367847	0.0164030752548493
"679"	0.45870130322026	0.228627800234629	0.0596061129794127	0.0210555708323068
"680"	0.775203159385974	0.282218920006101	0.0878401559830329	0.0314623271757415
"681"	0.532437048173709	0.146442528928449	0.048635885829703	0.0203917721000591
"682"	0.353842798712993	0.16776845221261	0.0458936687425358	0.0230141582453999
"683"	0.497932607617724	0.170471242934175	0.0773940041007477	0.0210507153184603
"684"	0.625739998340491	0.376384757722074	0.0782595449176435	0.0288733871397744
"685"	0.230231671688227	0.185468149120855	0.0535386706040995	0.0150668483056223
"686"	0.379386152671969	0.278599342836024	0.10399486773025	0.0211796492834621
"687"	0.648338298968716	0.246879056501987	0.0683825135528866	0.0262551254380821
"688"	0.46697967433413	0.133191432212274	0.0806945570623456	0.0181975768715045
"689"	0.59199925983838	0.27932318187316	0.0736702826488732	0.0266613230445267
"690"	0.912385739908063	0.165218156863833	0.0657940040187345	0.0269434637689722
"691"	0.539987506737994	0.200097038379441	0.0540682293487422	0.0225520597854721
"692"	0.232526057687752	0.0988910073998516	0.0792648678904632	0.0158447609590633
"693"	0.289006080079799	0.190562981146205	0.0406994160492744	0.0178833451234051
"694"	0.279391619379033	0.199178443791229	0.0423734729527343	0.0280703379372119
"695"	0.305872427386716	0.17955269344358	0.0556166328626306	0.0216892336658426
"696"	0.286319149088465	0.206846638029673	0.0662222439642946	0.0301551143392979
"697"	0.461478899304358	0.137939926441888	0.0355065218092902	0.0225401865528059
"698"	0.423016971528966	0.14775621677439	0.0892238673636554	0.0229099630108273
"699"	0.427203163920851	0.356243672872413	0.0655399508639537	0.0221263227400449
"700"	1.27832638901647	0.304223253007335	0.0984321055499331	0.0282187618770636
"701"	0.584034460163592	0.152361710069284	0.0588114172587111	0.0198151853634936
"702"	0.452529049430963	0.196409142399723	0.06759890917476	0.0178830365104923
"703"	0.393115188240201	0.180580022237796	0.064614917635362	0.0232176112326458
"704"	0.588164995980444	0.200842424405661	0.0484305551644418	0.0242964014252382
"705"	0.702047204066243	0.173174774278103	0.0549225409817131	0.0195258385388782
"706"	0.266224192956224	0.173309888264495	0.0386676148413842	0.0256007279702873
"707"	0.732400183133371	0.25477895524278	0.0616281156972574	0.028493887358585
"708"	0.33347369907907	0.180563894194804	0.115173824550348	0.0192562394887632
"709"	0.370392068534289	0.186603410618868	0.0474316824552782	0.0185970535689952
"710"	0.358005185153742	0.262188341264146	0.0532201755465867	0.0219140889922724
"711"	0.869275474504081	0.145019109253652	0.0400815830118449	0.0219389595779139
"712"	0.46074809920486	0.152489628008623	0.0469877090756552	0.0218428703032786
"713"	0.471780666706319	0.231423732256233	0.0900010102570479	0.0205116115790937
"714"	0.67495588523558	0.214817897568206	0.0693694470205576	0.020603568171556
"715"	0.253480185419819	0.158397281661612	0.0400583160605261	0.0163070914521356
"716"	0.58075831072496	0.26673009260144	0.0668278454876036	0.0275129908748758
"717"	0.480011183370494	0.184043158616262	0.0482004556524283	0.0173580257300449
"718"	0.581862140143507	0.131558443366278	0.0572958301852822	0.0183781928761649
"719"	0.528679415852002	0.166662317962102	0.0598080671256085	0.022781914425092
"720"	0.35070226568038	0.241279351136719	0.0891294162747815	0.0237429575730545
"721"	0.817665060987464	0.293260844552208	0.102991217781765	0.020803001773194
"722"	0.634705810884664	0.212111529997515	0.0513749707550996	0.020840730519715
"723"	0.238448170339808	0.187826441574163	0.0548459654612585	0.0154814372868514
"724"	0.333406602395576	0.167166206034887	0.0549930776916602	0.0177578717827277
"725"	0.474222630813352	0.230177392601681	0.0604716794127472	0.0243018534185809
"726"	0.531424194704373	0.204212462199029	0.0607981840655168	0.021175003566331
"727"	0.521565812591014	0.156705491807755	0.0581014338934314	0.0203771807746311
"728"	0.363497625323891	0.139199871865511	0.0668991367417653	0.0182068533525235
"729"	0.673475405103781	0.140474361865317	0.0482828953752354	0.0220342501701348
"730"	0.805520741822178	0.213342705809985	0.0520238846082603	0.0237104108277179
"731"	0.465034541995852	0.191119442029128	0.0584076933793987	0.0205859269047
"732"	0.628098681604143	0.30986594597424	0.0724109691942839	0.0225920710642682
"733"	0.393449461237594	0.19634857579013	0.0522828317073427	0.0196496431275563
"734"	0.617261559635979	0.286250641368852	0.0613454046641918	0.0257578856352378
"735"	0.503183253745548	0.251122146671802	0.0705161970792397	0.0233776226333452
"736"	0.456473112480903	0.144049595656723	0.0525425442198204	0.0214837063022804
"737"	0.42234889115037	0.168025915704304	0.0392810709884325	0.0194420442722691
"738"	0.563959026779643	0.123514749691004	0.0390802687836815	0.0148414857682691
"739"	0.574468306350255	0.129902216731751	0.0431380693375006	0.0163464029495261
"740"	0.307836679907968	0.216331077831512	0.0764527006463025	0.0242045465883818
"741"	0.626190101790263	0.160537612985	0.0956558430130988	0.0257725777761259
"742"	0.300247954477962	0.207728049175436	0.0656448766970266	0.0192728423988194
"743"	0.582549255208757	0.217724845448373	0.0761832725070894	0.0233278522189065
"744"	0.942244750084054	0.247796588392026	0.0739283394677353	0.0246622964085681
"745"	0.387246067762064	0.179012495137538	0.0538799330825155	0.0169244465220082
"746"	0.316862879725481	0.141490981038377	0.0313508158370133	0.0189415504241874
"747"	0.457865319850174	0.187487902602582	0.0884865075336128	0.0171248648656222
"748"	0.505470599548653	0.337703376736931	0.0684399593757118	0.0279810267338932
"749"	0.507443946294745	0.145671529295568	0.0434103890299488	0.0181096326252071
"750"	1.17010793231313	0.342283243902959	0.144408342314527	0.0308701627196701
"751"	0.395001300931054	0.166960758273213	0.063201254644062	0.0224730566780258
"752"	0.832715826621438	0.186466325108104	0.0535826057349516	0.0228109113731785
"753"	0.233560055591335	0.19183069967286	0.0554172825255207	0.0199328994214063
"754"	0.375976890337557	0.185023140041629	0.0441675975810172	0.0239021751338937
"755"	0.275094612320886	0.182881896303129	0.0402467224644378	0.0155561631391264
"756"	0.485622345801092	0.202324564237883	0.0655656650838474	0.0189763991177067
"757"	0.206935409408508	0.188943229765844	0.0363115901291581	0.0158483880814696
"758"	0.483520560099451	0.218339745515537	0.0643236666048957	0.0315669822106313
"759"	0.454856685750897	0.198806049605859	0.0638030209824469	0.0220559573812888
"760"	0.348914618554715	0.107672022633044	0.0516065685087035	0.0160938131878824
"761"	0.356763599450562	0.166175276145253	0.0485913235016291	0.0227646994916107
"762"	0.508550356450237	0.213678299954156	0.0749670391534374	0.0231350463521067
"763"	0.478260327545593	0.157250231174298	0.0619984170926644	0.0223955121962781
"764"	0.602191900700129	0.159068177464346	0.0613046106533271	0.0185408366769872
"765"	0.473540532251026	0.174629178851805	0.0468438113463697	0.0204411415245471
"766"	0.466210530699272	0.245529734786562	0.0493195290989632	0.0243516737916838
"767"	0.302389070281068	0.146348645861219	0.044564357218886	0.0218378389232722
"768"	0.339310487732456	0.228774474688325	0.0450336833978993	0.0207151982056738
"769"	0.360789473542428	0.219263495083863	0.0548763395986124	0.0197962939010423
"770"	0.914908307035223	0.184533523132315	0.0471738110578085	0.0292543508292663
"771"	0.448435343922294	0.238992796828591	0.0558950795780422	0.0201008161504689
"772"	0.534147444764254	0.162672838156539	0.0479569472428852	0.0207222274675388
"773"	0.284687671865256	0.243711448969833	0.0761410146435997	0.0234845806961861
"774"	0.663554345308519	0.150547024344205	0.0417185140165505	0.021264839001723
"775"	0.644821374112793	0.270036902814845	0.0780626352613829	0.0353062405436967
"776"	0.558146077577115	0.143312079837198	0.0515106606872337	0.0199971735865187
"777"	0.58939427752316	0.27462884993184	0.0742247498886785	0.0211977854001824
"778"	0.416291789414655	0.274374385828497	0.0746291518362558	0.0218996680623584
"779"	0.58422121891563	0.196239730337884	0.0508607007671261	0.0268505666803683
"780"	0.283880552560389	0.208508845486205	0.0735477419646509	0.0265125274577122
"781"	0.515752026898889	0.310499077265706	0.108078526258007	0.0265639421216614
"782"	0.537948926071889	0.147936779983777	0.0451643367639156	0.0293362877915569
"783"	0.619853445521954	0.196365345468862	0.0482147614818234	0.0230189101964935
"784"	0.964721694342356	0.156326230785788	0.0761244069744028	0.0312736058597038
"785"	0.662542784178554	0.158526911920939	0.0765748768108622	0.0228761847128253
"786"	0.253773264366827	0.146410777252618	0.0560893212513628	0.0191631937591825
"787"	1.49076995854791	0.308327303688937	0.140226101765422	0.0427477526227225
"788"	0.565207729126419	0.233530358282888	0.0693624878123136	0.0218431806654884
"789"	0.216111988854444	0.113271009118169	0.0316660628381802	0.015697776078543
"790"	0.422837373453811	0.148674182223651	0.0645708185395016	0.0238306968280597
"791"	0.517618397501732	0.156251938478155	0.065232120908623	0.0225062765022027
"792"	0.530056051120892	0.1381072931387	0.0394557371643039	0.0238684213836823
"793"	0.349391761833878	0.166500664347629	0.0511435304141871	0.0182803684745338
"794"	0.410381299211608	0.132049161221605	0.0367166759063185	0.0216357698751752
"795"	0.996203280506099	0.229218910227613	0.0554403430178046	0.0315666630827537
"796"	0.440776825062415	0.157355667159819	0.0434907945276549	0.0210151482358542
"797"	0.725300754920512	0.235184019547397	0.0869916695882825	0.0187477938792553
"798"	0.335397297805005	0.19055069313594	0.0757121847593714	0.0265984071988997
"799"	0.666409749964235	0.19348955815003	0.0407430096368218	0.0295643198078688
"800"	0.392271700337918	0.198790293399635	0.0805854584465813	0.0228389133387007
"801"	0.518693624366082	0.259361832790273	0.0698600777122642	0.0202590912656948
"802"	0.333726542868227	0.219926233286238	0.0670867012580511	0.0209820258412728
"803"	0.780430587279596	0.18185916056953	0.0573511835755535	0.0233959073286508
"804"	0.260639468348031	0.203790213205713	0.0477365319261498	0.0178899939686183
"805"	0.40122581314982	0.284891844780833	0.0552156725913788	0.0212550482897366
"806"	0.323759041847566	0.147353983654978	0.0752197498601784	0.0299382005075139
"807"	0.390608064217086	0.209484154287325	0.0570962652515744	0.0209616829880149
"808"	0.371765073989221	0.240203806636577	0.0927118364725604	0.0221445604392659
"809"	0.191679146035055	0.155138092009478	0.0463583306603356	0.0187352600126654
"810"	0.246719477577423	0.201732182549037	0.0382682703203909	0.0205407647711729
"811"	0.339005732327238	0.192657107410334	0.0441184520759863	0.0187831064279347
"812"	0.439441051558793	0.124574344996787	0.0427874012085674	0.0204354023304122
"813"	0.333957966363193	0.179956882126879	0.056672404046246	0.0162856850679151
"814"	0.332785371577018	0.190120429219298	0.0459333313600379	0.0291574645883971
"815"	0.778826732387441	0.268842298813903	0.0795025227330151	0.0277443802960503
"816"	0.462339375910579	0.286755977472382	0.0745090247877165	0.0177893950328588
"817"	0.437092835484571	0.16060791860398	0.0523243416398493	0.0203460220203857
"818"	0.256670964576864	0.174771775542453	0.0389445972064327	0.0209794696555736
"819"	0.564027397242539	0.203361476660365	0.0628266189066415	0.022387373073509
"820"	0.318883895184558	0.192984551132913	0.0603061673893411	0.025681743626982
"821"	0.971970357336401	0.184014875056503	0.0556013182771067	0.02295370855476
"822"	0.398986715419834	0.113460546901199	0.0304669485181162	0.0167279165243697
"823"	0.609504279885519	0.156456441275646	0.0500471523981056	0.0212523385974842
"824"	0.211778513652011	0.142405146634749	0.0355646489636647	0.0160249858812192
"825"	0.225317295676212	0.181239448586278	0.052572494592366	0.0154519950475657
"826"	0.239557960653452	0.177041975966331	0.0338956873879686	0.0175815555424311
"827"	0.790890810088338	0.177985857395058	0.0933799868862511	0.0219743718526922
"828"	0.587649853932494	0.15519127175737	0.0484640346711365	0.0240304965434769
"829"	0.270883708712923	0.116949670280229	0.0280145073658048	0.0164417190778575
"830"	0.583795453560734	0.16285468655838	0.0461852187228254	0.019044486095242
"831"	0.312294824785086	0.26400833665765	0.0690035189791824	0.0183451235937437
"832"	0.861282265424972	0.299180638504307	0.107521477464761	0.0259322568557024
"833"	0.424663141721901	0.218883014205577	0.0626634889212151	0.0229604062893789
"834"	0.301890705792722	0.196157901415018	0.0538628796617053	0.0243687526716983
"835"	0.801613867868485	0.255128048821498	0.0658074992320778	0.0316752605245671
"836"	0.643316717144876	0.35940663474771	0.0988789500295784	0.0255451241721156
"837"	1.17394545291378	0.202506993745522	0.0685781673417079	0.0328365450878459
"838"	0.321291425172592	0.181497768012567	0.045194433341923	0.0200055782686353
"839"	0.764952575979274	0.198643918116445	0.0674236920514653	0.0228862888429188
"840"	0.622904764797466	0.23522443736477	0.0906053441680023	0.0264642862729696
"841"	0.467176380802698	0.226584388932254	0.0563532543995809	0.0256567103393938
"842"	0.320284839980759	0.271921615522422	0.0798511568049411	0.0222018850801546
"843"	0.768244847165697	0.236077299771619	0.135356383292338	0.0292255166560936
"844"	0.431347271216816	0.152365996571553	0.0474349012614714	0.0193828451639085
"845"	0.615839006909267	0.267877715809712	0.0655585496563875	0.0239225839270814
"846"	0.437545163547211	0.223748609396088	0.0620931838389017	0.0222900356983114
"847"	0.480506590836031	0.26741338251777	0.0818108660137642	0.0237552324123497
"848"	0.248568390798012	0.184188739853291	0.0727144008280957	0.0300442383185153
"849"	0.306461539507792	0.139988909979149	0.0651892543926585	0.0174894448101679
"850"	0.54361014376899	0.165506825782394	0.0443746619706193	0.0245349516778554
"851"	0.467346421850044	0.193797470042249	0.0461264897384529	0.0323817964407178
"852"	0.601060492309693	0.186815433588954	0.0564957034290528	0.0277418287025725
"853"	0.479354093016322	0.202427483869052	0.0579913521625629	0.0245040321639237
"854"	0.351044452732738	0.168950463854036	0.0464370789499973	0.0179575783544051
"855"	0.281064103550178	0.185775618894213	0.0457028464615064	0.019508095617776
"856"	0.318339475682545	0.161732768719626	0.0518762941826158	0.0189579305319854
"857"	0.836398009442997	0.352211907596992	0.0590319922253721	0.0265514707634422
"858"	0.527160230999707	0.175184021275151	0.0601132622319532	0.0229089852294027
"859"	0.855279989089733	0.183871044470842	0.0494201847163543	0.0216954119444706
"860"	0.502924273896308	0.137946950179092	0.0409790862977756	0.0206989864325773
"861"	0.244477212840779	0.193656525114953	0.048937757140233	0.0183848972475591
"862"	0.521515633860244	0.207895287482445	0.0646596535924876	0.0183157869123176
"863"	0.354513485141771	0.12727698644553	0.0454211852971126	0.0178740768176658
"864"	0.342448128048582	0.191801267866968	0.0527440930282234	0.0171782799647511
"865"	0.335662474082067	0.192529566283787	0.0490933712970575	0.0200886002705671
"866"	0.460842951420679	0.282734932876789	0.163001053076414	0.0243930712865133
"867"	0.48781594539835	0.162922498469824	0.0401624025665338	0.0181150005578508
"868"	0.552013162790606	0.131670535877394	0.0517347786079994	0.0173941740576389
"869"	0.719478382596132	0.238547394399906	0.0595687018556193	0.0283140634729568
"870"	0.543531680436503	0.339751283332882	0.0652550042017735	0.0243618509990419
"871"	0.341893209540692	0.188238208615155	0.0760306043337861	0.0267128228345211
"872"	0.675053059958688	0.158174252154872	0.050301625093908	0.024728620682495
"873"	0.764731676419139	0.208279965006867	0.0408944699838283	0.02985146624097
"874"	0.595863521641203	0.18585308530865	0.0769425516357916	0.0287617699973852
"875"	0.456471654553421	0.206128062027472	0.0522373672790825	0.0244715237071765
"876"	0.420055158478619	0.202284513703727	0.0829152255848667	0.0230313318025203
"877"	0.208090287960109	0.149688794720141	0.0916228945236929	0.020076686110846
"878"	0.734255727657464	0.18128133886933	0.0679917536949942	0.0335221451591335
"879"	0.525128503687637	0.140923681039656	0.0453115126962944	0.0212554918371712
"880"	0.343265843189536	0.235383782438416	0.0639320721126761	0.0247150493392729
"881"	0.295158495962327	0.13619999845342	0.0571527271630451	0.0189513374356365
"882"	0.467710132232561	0.261931151824203	0.0545762778373574	0.0291330510802011
"883"	0.314025690751844	0.209811153396896	0.0570452455433124	0.0241642806502347
"884"	0.774201784372721	0.205243790064744	0.0582012630934319	0.0244668869256665
"885"	0.595401381504368	0.132252997384642	0.0481285703892597	0.0207041511800824
"886"	0.631007064386579	0.150911259116494	0.0593098268727519	0.0221519560267425
"887"	0.766972663803843	0.231930288016873	0.0433250847811759	0.0319820864668083
"888"	0.676521627478466	0.113804137890621	0.0413780554447506	0.0179605790009106
"889"	0.901145991331088	0.20755534558134	0.0505752633740034	0.0201986872353271
"890"	0.361139487567998	0.213194786538646	0.0585157764063984	0.0177682059533466
"891"	0.396238981460262	0.218522530460698	0.12600873935071	0.0182088630901775
"892"	0.574726425073119	0.311268406560523	0.0761864863808152	0.0304280930780245
"893"	0.778245992285274	0.335930982186997	0.128406885742291	0.0345929093338571
"894"	0.2810049042018	0.211375726278431	0.0505103232033918	0.018045167351442
"895"	0.729104220220987	0.184838942338896	0.053829628944233	0.0245084039237691
"896"	0.589369378727581	0.154648189674424	0.0417903366166175	0.0207827463552974
"897"	0.974446269319018	0.33011780670482	0.101933576728972	0.0248835339472732
"898"	0.565716181029462	0.267598048775541	0.0911676449977865	0.0241746566707327
"899"	0.602122768635334	0.218633455784218	0.0921987070227424	0.0232169189770564
"900"	0.614757177927317	0.175705038158906	0.0358257392459513	0.0263922960901211
"901"	0.383920278539321	0.157965142479756	0.0506399097289114	0.0180235748651323
"902"	0.325926131840016	0.132791085899303	0.0608791839378273	0.0168737735892837
"903"	0.289577201089108	0.145025243060266	0.0636774516050235	0.0181051683909223
"904"	0.601730625266734	0.269124983508992	0.0583199158210375	0.0329447909141869
"905"	0.421098709876636	0.12397830721083	0.055978544706124	0.017143789444984
"906"	0.716479790623638	0.176503934335606	0.0482469977833251	0.0197311569047024
"907"	0.248546606361275	0.186938436089812	0.044225553568381	0.0217516306779445
"908"	0.197747872510449	0.15584598805489	0.0373636252839102	0.0184357103923643
"909"	0.424227498389763	0.273589062920381	0.0646545440656689	0.0195272024509454
"910"	0.349858577031581	0.237612900839695	0.0568318700266778	0.0230605933746856
"911"	0.71907663034123	0.241931692718008	0.0499164454359968	0.0232620239007885
"912"	0.334761865542104	0.229397838563776	0.0641006241564559	0.0325114837540158
"913"	0.398034441961676	0.24030969275166	0.0659831578366156	0.021513761460265
"914"	0.34845947037085	0.272908761194719	0.0806620504164617	0.0181449992861235
"915"	0.543819955848034	0.161417262685656	0.0726516620986982	0.0260863570908209
"916"	0.367448505632897	0.193661848912663	0.0561846498792503	0.022269157253876
"917"	0.588492793125939	0.219908971344896	0.0812183313395264	0.0207125880216568
"918"	0.587149993079613	0.219563318960673	0.0578687036727716	0.0206470904736859
"919"	0.364853052564264	0.150129317880663	0.0366486184308917	0.017541414450438
"920"	0.554709687876794	0.145574566859547	0.0546472374575591	0.0170893269239898
"921"	0.85741647382249	0.175060142415767	0.0588684324741294	0.0306444493220548
"922"	0.888337512958418	0.254901884946615	0.0609988534380149	0.026810049244012
"923"	0.413391864171049	0.151901273819877	0.0354601100223008	0.0256161054708166
"924"	0.517969171404961	0.261137604013288	0.0565098195854477	0.021677908625133
"925"	0.658691249145919	0.176883328653127	0.0493589621641191	0.0188022434266458
"926"	0.419412988900834	0.143915685825149	0.0472706983341592	0.0190203662547826
"927"	0.45205296710132	0.188258162591402	0.0449396071643432	0.0197667584418585
"928"	0.407331061283364	0.168844322755819	0.0764782839501146	0.0207177060605652
"929"	0.311326182569864	0.12849279345654	0.0377673853198605	0.0155361791037826
"930"	0.654451274657773	0.176304151142531	0.0601653795410361	0.0208992359669011
"931"	0.655027421895226	0.184488659027386	0.061288013588139	0.0182063456405446
"932"	0.404614645606412	0.225163669945875	0.0599727160324077	0.0172108718510132
"933"	0.32273983255481	0.185112480238128	0.0478752930910565	0.0181341910849463
"934"	0.566032114184632	0.197563738580691	0.0649626459617657	0.0208147859350335
"935"	0.379600646471095	0.10715671780865	0.043500910419372	0.0190575935404407
"936"	1.06711123818744	0.263133447961047	0.0870331797556815	0.0283102247965047
"937"	0.619410856562658	0.186142529824595	0.0507780389003148	0.0226671112046872
"938"	0.518285976765879	0.319150268744869	0.0858400730121118	0.0235287547409009
"939"	0.451199045500711	0.152899028668632	0.064795075721573	0.0184681488843816
"940"	0.294306536118906	0.218789037831053	0.0725880862310413	0.0217502927112945
"941"	0.466979295580562	0.200344450090244	0.0569059720348847	0.0220125200707161
"942"	0.402172941739551	0.219629516907727	0.0569632262710853	0.0253168831177075
"943"	0.41801433274535	0.276835357665841	0.0550631514134488	0.0253554624936391
"944"	0.589747473445084	0.179446337391696	0.0514418466846371	0.0214856683866499
"945"	0.287317996807205	0.1409920480252	0.0626991700178069	0.0197366935547133
"946"	0.507591126967646	0.182935247707309	0.0383349951772604	0.0263144758351539
"947"	0.37620081568534	0.251592336606175	0.0611039352182618	0.0277541079976757
"948"	0.560056683359796	0.169309834559399	0.0592600943357228	0.0292583776433906
"949"	0.716114108618171	0.184100830276854	0.0553239209300345	0.030852568423283
"950"	0.73289986723442	0.289148840473623	0.0915591754846959	0.0304250648453323
"951"	0.92417683332195	0.402901934315241	0.0654253385828031	0.0270547845835523
"952"	0.519116506881288	0.281591044838205	0.0814045899373457	0.0284072870615543
"953"	0.302514440666152	0.150071995051654	0.0421013561647063	0.0266406655674495
"954"	0.239662393983288	0.163587380919743	0.0479018087317547	0.0241083614532626
"955"	0.998508466073389	0.216756059741328	0.0503614041956961	0.0329969876956466
"956"	0.495346056260201	0.14647616375434	0.0347060704310405	0.0168948617473102
"957"	0.513586233442816	0.233458626254654	0.0753837396408895	0.0229587885466037
"958"	0.393835293800293	0.209988383068506	0.0610740699431975	0.0209032739436319
"959"	0.688429533652693	0.303755067081605	0.103897214362094	0.0193242995695756
"960"	0.499129254054784	0.214193314062267	0.0433616258736577	0.0245510466087965
"961"	0.310334480749196	0.142329625627687	0.0667621881769964	0.0174489224421538
"962"	0.29367625535976	0.145786932846341	0.0432807225340817	0.0182465628202867
"963"	0.424883328815118	0.228183378461376	0.0839375949981105	0.0156066730727678
"964"	0.634561848483672	0.309217653950356	0.107438390146131	0.023604209745337
"965"	0.481285790049426	0.162648591283486	0.0393503246203811	0.0164396384177285
"966"	0.423822513192712	0.263961444326756	0.0416427889847566	0.0198000358580657
"967"	0.301376004577707	0.154646892742185	0.0515630547476505	0.0190474162934291
"968"	0.29797919744475	0.1612577748085	0.0624712802289909	0.0225083075912514
"969"	0.398238118777055	0.125288856881658	0.0377790850252707	0.0152548923023311
"970"	0.310836527184205	0.118297726251603	0.0308245637292995	0.0136221331571871
"971"	0.480902687612781	0.156074792374538	0.0812461768381382	0.0242541226812689
"972"	0.292959594467386	0.165670868170364	0.0958095075132981	0.0198118607544765
"973"	0.275337475563359	0.170193045501202	0.0571226671373404	0.0149370633014696
"974"	0.958170434408137	0.235332619797672	0.0660274303879057	0.0305107725983714
"975"	0.240811493262703	0.194935835692911	0.0557996418444812	0.0230892672587366
"976"	0.811929546658965	0.148161893738031	0.0527049614698162	0.0268344188857819
"977"	0.23876648861146	0.218898273101737	0.0837296038060488	0.0171034987845381
"978"	0.330943096388774	0.13951156011892	0.0358759983154105	0.0182768787366907
"979"	0.519869355073499	0.307130690948592	0.0894409523141515	0.0311120813128909
"980"	0.424186247324871	0.176353485599739	0.0451768383341128	0.0236779403218968
"981"	0.377626255479339	0.284621333625607	0.0594348476922489	0.0253269251882249
"982"	0.239762761176396	0.205004766556564	0.06022008179699	0.0216742802116099
"983"	0.364184016557025	0.196049179559864	0.0553858666241403	0.0219874945290747
"984"	0.712519560503826	0.231866944386875	0.0682051032892903	0.0290192049817854
"985"	0.280312575559899	0.142820484370126	0.0466461922154516	0.0153779787764418
"986"	0.650379516192941	0.26352068182371	0.0588620085255685	0.0247112688356733
"987"	0.451267464573525	0.26820226473855	0.0654523412599127	0.0204224122288111
"988"	0.637698778645537	0.211605246257098	0.0756419324672567	0.0200785357847099
"989"	0.588513001831493	0.25955061887052	0.0597173246402109	0.0225588720142195
"990"	0.429963544729537	0.198675221440749	0.0611011534285305	0.0281660859091609
"991"	0.292700724497494	0.279629827913336	0.0378854378087653	0.0299318650254887
"992"	0.607918766866581	0.131996871234664	0.0430392162288611	0.022103297779298
"993"	0.318145505627569	0.181791045019358	0.0622762161983844	0.0209634031709512
"994"	0.862475728627618	0.188663433815393	0.0478183583045458	0.0209359284031452
"995"	0.534497931331216	0.248301700490221	0.0619176386204764	0.0213097820132596
"996"	0.381367347780433	0.176025960952075	0.0621628050025438	0.0181767689969524
"997"	0.297088001867674	0.155909606245169	0.0392315105575401	0.022880923479562
"998"	0.239523474245278	0.191485919741845	0.0474998341117662	0.0252599050315243
"999"	0.796597993117073	0.178340279748882	0.0583562407674775	0.0221429757160787
"1000"	0.664727814945343	0.188087188156021	0.0574920635406454	0.0248413454076199
