"X1"	"X2"	"X3"	"X4"
"1"	4.3570201861885	3.24195728090784	2.05102515032085	0.349997382582805
"2"	4.20104881685629	3.54730401962268	1.91483642137906	0.336810742141969
"3"	4.13183077974844	3.34020240305341	2.14274466207175	0.385222155126391
"4"	4.40397801699279	3.55347366480977	1.69623453308529	0.346313785112154
"5"	4.49256508799788	3.45299030724535	1.70865387152656	0.345790733230209
"6"	4.28301447353787	3.56697513622046	1.80687522450401	0.343135165737646
"7"	4.52974095302891	3.51026435517539	1.66203239779351	0.297962294002195
"8"	4.2224753763031	3.68919895987246	1.71734860168251	0.370977062141933
"9"	4.43070804524721	3.82449008317092	1.44142169491179	0.303380176670079
"10"	4.26287829593621	3.6112450587556	1.76912796434359	0.35674868096461
"11"	4.30785048264934	3.59959021726265	1.80829324891077	0.284266051177239
"12"	4.3767495906051	3.63603918155647	1.68078055879835	0.30643066904008
"13"	4.30234423067744	3.48283236984342	1.90008511023781	0.314738289241329
"14"	4.31854326967464	3.59562629788584	1.81257596304012	0.273254469399388
"15"	4.28953135866327	3.40662913537692	1.88889902114072	0.414940484819089
"16"	4.26370298365181	3.61945299231123	1.77646320152543	0.340380822511529
"17"	4.31020725027515	3.55602986612073	1.73137140374596	0.402391479858168
"18"	4.20921535629152	3.46657586396522	1.92857087866612	0.395637901077148
"19"	4.35742815564468	3.48909837607968	1.72017377006812	0.433299698207516
"20"	4.31532790393872	3.12274293107757	2.1724297587302	0.389499406253518
"21"	4.30776997480145	3.64005506137835	1.76588756764255	0.286287396177651
"22"	4.29295939645896	3.55934453919954	1.74955583364047	0.398140230701031
"23"	4.21055924700161	3.79035787339945	1.67844995454767	0.320632925051269
"24"	4.37819100879348	3.4013142290784	1.810279203555	0.41021555857312
"25"	4.10888197070821	3.42142086469338	1.80102188688401	0.668675277714406
"26"	4.40630770490964	3.69406360832683	1.57900970366935	0.320618983094182
"27"	4.26187707497351	3.6742141432883	1.68434889775351	0.379559883984682
"28"	4.20286718506254	3.75672542730511	1.6843435948026	0.356063792829755
"29"	4.46104732722325	3.4681609808958	1.71921174847098	0.351579943409972
"30"	4.42452487220517	3.72095409965548	1.58306535515735	0.271455672981994
"31"	4.31318396458489	3.84549242178557	1.49503609026312	0.346287523366424
"32"	4.38987784726756	3.64519221971545	1.5723987103218	0.392531222695187
"33"	4.34926429250921	3.77537581784087	1.54681816337977	0.328541726270159
"34"	4.42748579710673	3.596267417201	1.60185227599304	0.374394509699237
"35"	4.4602980038766	3.64389590262388	1.62371236432318	0.272093729176342
"36"	4.13868704276531	3.64466262976801	1.8852768236982	0.331373503768491
"37"	4.49547061117165	3.76489290704501	1.49373328932194	0.2459031924614
"38"	4.31666709534049	3.48923557148414	1.79393014415913	0.40016718901623
"39"	4.34836392741156	3.50077710456575	1.62795042517244	0.522908542850241
"40"	4.41934670608226	3.64127184768295	1.66739290954073	0.271988536694073
"41"	4.25010244498744	3.78137902963396	1.55672856132677	0.411789964051833
"42"	4.26249056550887	3.67551904263121	1.68805535099566	0.373935040864249
"43"	4.53575497283188	3.72306206952966	1.46819781859974	0.272985139038723
"44"	4.13725242542391	3.79230264089629	1.68422687407245	0.386218059607356
"45"	4.32666982272078	3.82693560381569	1.55456943132288	0.291825142140655
"46"	4.27099314253698	3.69577329605427	1.69651727848361	0.336716282925137
"47"	4.25016685149327	3.76290177827663	1.66838409177704	0.318547278453068
"48"	4.33163209782684	3.71569694745185	1.56722766357545	0.385443291145863
"49"	3.93573501602679	3.63407922437735	2.02113836750541	0.409047392090443
"50"	4.26981130297033	3.45580020143487	1.76868673722682	0.505701758367981
"51"	4.32402133615871	3.71091745427988	1.61427279692597	0.350788412635444
"52"	4.32184427811938	3.48161060069171	1.77077783036427	0.425767290824632
"53"	4.21453802781443	3.60886921516344	1.75439605890404	0.422196698118079
"54"	4.43260270037095	3.57546399081194	1.5022515535528	0.489681755264303
"55"	4.35853275088694	3.52359765084846	1.75477373614972	0.363095862114886
"56"	4.45000380587785	3.39141681559163	1.82094648048894	0.337632898041572
"57"	4.19035643252641	3.52906785782385	1.714398934205	0.56617677544474
"58"	4.42623986314472	3.6891953406542	1.632086706911	0.252478089290086
"59"	4.21457958605518	3.53438483857205	1.9818804219326	0.26915515344016
"60"	4.4345553085111	3.35889894407452	1.81564455356329	0.390901193851084
"61"	4.43743008089568	3.48411672600424	1.75249423685081	0.325958956249271
"62"	4.24056466814946	3.60405659592552	1.8126456139913	0.342733121933732
"63"	4.18935075121604	3.64806800685892	1.85676513647453	0.305816105450509
"64"	4.46418408574197	3.61159036377298	1.60217784165375	0.322047708831301
"65"	4.29472049694136	3.5763563352153	1.6604337760081	0.468489391835227
"66"	4.22666911126115	3.83623226587095	1.51197693883585	0.425121684032047
"67"	4.49303099281668	3.68420911697568	1.40755358849343	0.415206301714209
"68"	4.38989681440999	3.5858488275304	1.69004109377727	0.334213264282338
"69"	4.19747935197731	3.419143802031	1.8399848173728	0.543392028618888
"70"	4.35555412184096	3.47623485425801	1.75022101520601	0.417990008695016
"71"	4.30324359417106	3.81246268690447	1.48579059899821	0.398503119926255
"72"	4.33266058296592	3.65983520742829	1.70934260374787	0.29816160585792
"73"	4.28448919386464	3.76042080060998	1.58784827692806	0.367241728597327
"74"	4.2861652821763	3.51761235739197	1.77589954750794	0.420322812923788
"75"	4.55841402142146	3.80385682738726	1.38883288404869	0.248896267142605
"76"	4.21184230675856	3.43005366148481	1.98025416719157	0.377849864565063
"77"	4.29951532924272	3.38556141332842	1.89315943226527	0.421763825163597
"78"	4.2663751200359	3.49061890278787	1.90959281573897	0.33341316143725
"79"	4.36046367393713	3.59160313258306	1.58471405681295	0.463219136666859
"80"	4.42754868306982	3.60368704422904	1.68511779944784	0.283646473253302
"81"	4.46554250981948	3.36733042271146	1.94969088110039	0.217436186368673
"82"	4.27249160782733	3.61288317995855	1.79912512961433	0.315500082599786
"83"	4.13445658756244	3.60380743742966	1.9470237379807	0.314712237027205
"84"	4.14020803831782	3.65963609942493	1.6699351800385	0.530220682218757
"85"	4.47882964100345	3.61899132622654	1.58113766604383	0.321041366726177
"86"	4.28693553764558	3.62835257951451	1.64548366783301	0.439228215006906
"87"	4.37745669478274	3.33899673968149	1.91276587858821	0.370780686947553
"88"	4.15707815827185	3.79359136041018	1.69732439266832	0.352006088649648
"89"	4.24350971924673	3.30542186464115	2.02664003903287	0.424428377079244
"90"	4.43357651075405	3.38276779284975	1.85761668547065	0.326039010925546
"91"	4.29754162223346	3.75052585177437	1.57737546525608	0.374557060736082
"92"	4.06753206855657	3.72425254086492	1.76550567905549	0.442709711523022
"93"	4.23500604295587	3.87730296640891	1.53676599106522	0.350924999569998
"94"	4.50350466538534	3.67206371469082	1.53392093305996	0.290510686863883
"95"	4.29452307113933	3.60380084869193	1.77914888479401	0.322527195374729
"96"	4.39622112903595	3.58123205386896	1.7127358195901	0.309810997504996
"97"	4.42879885405676	3.78158699635945	1.43459150002877	0.355022649555008
"98"	4.37008906459828	3.36261700208947	1.80470287608742	0.462591057224838
"99"	4.42785906698417	3.61327238217631	1.6865987163673	0.272269834472216
"100"	4.23382883004419	3.59367660420911	1.87481081166047	0.297683754086228
"101"	4.4238959422366	3.5976652840286	1.65783781393524	0.320600959799562
"102"	4.42474588297789	3.60732035349037	1.58227589331944	0.385657870212291
"103"	4.23337520729084	3.73041672648954	1.72178598942477	0.314422076794858
"104"	4.40191285684964	3.69427538662227	1.58915240898671	0.314659347541385
"105"	4.4438787315163	3.67882100981908	1.51633372279812	0.360966535866487
"106"	4.23757754442774	3.64991326936247	1.66576961166773	0.446739574542059
"107"	4.42856594774745	3.75182486372148	1.45466983693784	0.364939351593225
"108"	4.25010829704264	3.54233276888226	1.88171367763225	0.32584525644284
"109"	4.33589441122778	3.60329869559688	1.66229406668276	0.398512826492586
"110"	4.24586003419038	3.37454782656821	1.9726406777777	0.406951461463701
"111"	4.42044646124479	3.69285045349797	1.47004798610968	0.416655099147553
"112"	4.25224835997056	3.73661768750135	1.64543658167939	0.365697370848699
"113"	4.42891871015813	3.81156819595429	1.43113745662536	0.328375637262225
"114"	4.40192081217843	3.78569939174987	1.49097778479064	0.321402011281055
"115"	4.04009118960709	3.66233798759659	1.91129904439668	0.386271778399648
"116"	4.13088961053999	3.60929574817525	1.87373983551859	0.386074805766164
"117"	4.24885862660731	3.60749959240388	1.76462891246386	0.379012868524957
"118"	4.43256048613756	3.63341744279394	1.57351780480642	0.360504266262078
"119"	4.13711112568006	3.45410748228448	1.89583206826431	0.512949323771145
"120"	4.25758141771767	3.75011882023262	1.68428365722925	0.308016104820457
"121"	4.31699982193268	3.26674692583955	2.00130048423177	0.414952767996
"122"	4.3580215730389	3.60171624445234	1.69377275241154	0.346489430097214
"123"	4.2248944904916	3.53472664508829	1.85880109760146	0.381577766818642
"124"	4.47652899198056	3.40006032224996	1.84792891412443	0.275481771645047
"125"	4.31986080448408	3.97961067483735	1.42208910616699	0.278439414511576
"126"	4.31648638042813	3.68891787792209	1.63950068995738	0.355095051692397
"127"	4.31909514376698	3.42259231714388	1.94767203616265	0.31064050292649
"128"	4.38804206815077	3.44215452655789	1.81842538208805	0.351378023203293
"129"	4.14337362769144	3.3502730366666	2.04370903985785	0.462644295784108
"130"	4.51466902108458	3.59519616232555	1.50071520501189	0.389419611577986
"131"	4.19684581327541	3.34553748747318	2.1019973049634	0.355619394288016
"132"	4.33598278149588	3.47058769969948	1.88846756166215	0.304961957142488
"133"	4.40157584559527	3.65723206488678	1.58781896899853	0.353373120519419
"134"	4.33350600540437	3.51016431312293	1.83848405768943	0.31784562378326
"135"	4.40437873696662	3.82386798914663	1.50499563643781	0.266757637448936
"136"	4.46291392727217	3.39384647419765	1.83270560226171	0.310533996268462
"137"	4.39186161051299	3.69499944297028	1.61099369804559	0.302145248471137
"138"	4.36184425582654	3.47083619215139	1.85297714721665	0.314342404805416
"139"	4.21407689985925	3.6396774521067	1.744459306343	0.401786341691052
"140"	4.24983707120544	3.37932880583289	2.06015382126898	0.310680301692688
"141"	4.36822703618235	3.56870123353011	1.79831834447799	0.264753385809549
"142"	4.48400588969897	3.26906246223497	1.97775392157721	0.269177726488851
"143"	4.25347828127453	3.79807102062244	1.47885594609321	0.469594752009824
"144"	4.45162948902392	3.60842114958642	1.58566899562461	0.35428036576505
"145"	4.1991920422783	3.73328970786241	1.79315693513859	0.274361314720699
"146"	4.49103014412712	3.66110554834065	1.53743479213095	0.310429515401278
"147"	4.27011504984376	3.54194033379392	1.85593690997175	0.332007706390568
"148"	4.22290112724872	3.72323179945429	1.74865922409708	0.305207849199915
"149"	4.30792902332334	3.65118998721344	1.66927488582403	0.371606103639178
"150"	4.41897384725889	3.76543118636135	1.4458664102311	0.369728556148654
"151"	4.24828741728841	3.73590749751963	1.4985399010706	0.517265184121358
"152"	4.46438803269118	3.72246696466157	1.54842198369685	0.2647230189504
"153"	4.40403317014722	3.60060718015628	1.47033844092711	0.525021208769382
"154"	4.20495061207097	3.59113235932477	1.79743749856033	0.406479530043933
"155"	4.42269118305988	3.60332808180239	1.67770354433014	0.296277190807584
"156"	4.18655905626634	3.82206500962949	1.66298042165377	0.3283955124504
"157"	4.31882870491675	3.68154115148999	1.68032652219183	0.319303621401434
"158"	4.26815354582563	3.40472737928418	1.88003236762098	0.447086707269212
"159"	4.45025564051693	3.43072219904069	1.73342832463925	0.385593835803137
"160"	4.54907639983789	3.43359671882823	1.54254207758989	0.474784803743986
"161"	4.28310742028326	3.69483125234446	1.52972478166683	0.492336545705451
"162"	4.22983249537943	3.63069657505929	1.74381626540882	0.395654664152461
"163"	4.29304208320196	3.79355386065991	1.56330685080301	0.350097205335116
"164"	4.3101134628343	3.46007713063265	1.87965243833662	0.350156968196423
"165"	4.17963377614012	3.72630552478425	1.79745754782299	0.296603151252646
"166"	4.2771142830956	3.71828356222739	1.61396678655279	0.390635368124216
"167"	4.33028684827722	3.62548031196243	1.70111419957103	0.343118640189327
"168"	4.48387116651348	3.77330502949128	1.42193673997188	0.320887064023361
"169"	4.08612519322881	3.79628863621805	1.82886249363269	0.288723676920448
"170"	4.26871649611196	3.58946408382993	1.78411184345586	0.357707576602248
"171"	4.3304087915151	3.32657246362695	1.92926967152151	0.413749073336437
"172"	4.37781728291181	3.65432341008926	1.70870735167872	0.259151955320217
"173"	4.3723188149586	3.4814381674935	1.74685188227026	0.399391135277641
"174"	4.21965341861832	3.93679951794542	1.52988379709769	0.313663266338576
"175"	4.4035110938107	3.57812367775893	1.77110740025845	0.247257828171918
"176"	4.38053865589451	3.66584421685064	1.71632344820961	0.237293679045232
"177"	4.41958843699118	3.64019540000617	1.5741311689416	0.366084994061048
"178"	4.48266139842934	3.65364156331866	1.56808214374936	0.295614894502636
"179"	4.21510790155615	3.3225020642088	2.15173882884182	0.310651205393229
"180"	4.22586524139567	3.64469707920744	1.84534694757359	0.284090731823296
"181"	4.34595758106526	3.61953365475941	1.66660751460223	0.367901249573107
"182"	4.28011811157998	3.81689289957395	1.43265223354684	0.47033675529923
"183"	4.51107337060877	3.82833483888698	1.39395016975565	0.266641620748602
"184"	4.28719682660142	3.56026031467689	1.71460853197479	0.437934326746889
"185"	4.32373872735159	3.47623151826625	1.718639395149	0.481390359233164
"186"	4.43981013062932	3.36813689210657	1.83431052966342	0.3577424476007
"187"	4.39085252874519	3.67237140561808	1.63924854928108	0.297527516355652
"188"	4.20672934980585	3.38168509615344	1.8370497648204	0.574535789220304
"189"	4.43023785486724	3.52556565545776	1.6101489752703	0.434047514404701
"190"	4.22350532485694	3.55757881003174	1.87536493645281	0.343550928658507
"191"	4.39069946700653	3.45502650759865	1.66957722684946	0.484696798545357
"192"	4.27214274282277	3.62525216035693	1.68222839413616	0.420376702684135
"193"	4.25295122663764	3.65660578936824	1.61791092016091	0.472532063833209
"194"	4.35793791749467	3.49977141072368	1.89474585433779	0.247544817443862
"195"	4.42584831927128	3.47213540166479	1.85096210062053	0.251054178443393
"196"	4.39801871576421	3.68716479889098	1.67509560519317	0.239720880151642
"197"	4.34820804559712	3.67852602486608	1.60448049522616	0.368785434310639
"198"	4.23681277645951	3.57208476019858	1.79163219893028	0.399470264411632
"199"	4.25378004745037	3.3883973847396	1.84248841196468	0.515334155845344
"200"	4.44307319032909	3.57455908779042	1.63597994866339	0.346387773217097
"201"	4.3974021020789	3.76791743905617	1.55165729662493	0.283023162240002
"202"	4.37404963767489	3.63507864264603	1.60248098395386	0.388390735725222
"203"	4.45310429561087	3.68662183205465	1.49075009276642	0.369523779568061
"204"	4.38072494497874	3.58064461075616	1.63602076518339	0.40260967908171
"205"	4.3433887503165	3.70063035411772	1.65779764221099	0.298183253354792
"206"	4.17192811402557	3.64293515898429	1.75357155456792	0.431565172422216
"207"	4.32018477626684	3.23614185867252	2.08427682254319	0.359396542517453
"208"	4.44386662578924	3.48863958665205	1.70342579122918	0.364067996329522
"209"	4.2621026041998	3.48087182954226	1.82265293071169	0.434372635546259
"210"	4.3054934013937	3.74778471545763	1.61581811215582	0.33090377099284
"211"	4.36371330719415	3.59498717531684	1.66452689029929	0.376772627189718
"212"	4.19200277665312	3.69301160185637	1.75150079968712	0.363484821803405
"213"	4.43727246471908	3.68335023109927	1.57849327499451	0.300884029187136
"214"	4.07429327273553	3.71110013879362	1.79690535963397	0.417701228836879
"215"	4.27811178567716	3.60228695911521	1.87555617461996	0.244045080587665
"216"	4.32161476822953	3.41961017167464	1.79926485864703	0.459510201448796
"217"	4.42641062445073	3.41350853917933	1.80213476866934	0.357946067700599
"218"	4.2593774040423	3.49813231450231	1.81118404564308	0.431306235812308
"219"	4.19523607124554	3.74232367925168	1.81054172335438	0.251898526148407
"220"	4.39132440713522	3.69529621670214	1.65611097538316	0.25726840077949
"221"	4.50325401083068	3.46948247120786	1.72598446906959	0.30127904889187
"222"	4.33452575116666	3.55704418269121	1.77191583946183	0.336514226680299
"223"	4.25653479040995	3.56567285991526	1.85572796411365	0.322064385561132
"224"	4.15203615842018	3.80829409372117	1.6927154516675	0.346954296191153
"225"	4.54737158731915	3.72905273829828	1.39844701054015	0.325128663842426
"226"	4.25594965687277	3.77958349067153	1.67600143210426	0.288465420351446
"227"	4.32889964570682	3.47425545360788	1.8563600113032	0.340484889382093
"228"	4.53218885893117	3.86623151655543	1.33487170010325	0.266707924410136
"229"	4.33349915858347	3.60867670204382	1.63077396654794	0.427050172824766
"230"	4.46402294321093	3.78753437026743	1.44040261474645	0.3080400717752
"231"	4.39613394379549	3.43868039150994	1.82070900197858	0.344476662715994
"232"	4.26334099212352	3.61175493901221	1.72266924803229	0.40223482083197
"233"	4.55336557103734	3.6702936370369	1.49795778443119	0.278383007494579
"234"	4.32954666261252	3.48949080009347	1.7296900188201	0.45127251847391
"235"	4.36621785273814	3.5846846353545	1.62057116536156	0.428526346545795
"236"	4.26845158233046	3.47076893795584	1.82684613384309	0.433933345870611
"237"	4.24458578224388	3.35707612492558	1.80008094067858	0.598257152151971
"238"	4.33589022025704	3.6041463814737	1.71133684608761	0.348626552181656
"239"	4.39968522225926	3.74860960439129	1.52066282892958	0.331042344419873
"240"	4.36318851765398	3.93585891143054	1.45138706595557	0.249565504959912
"241"	4.36048659849717	3.28745346366752	1.93150466682921	0.420555271006104
"242"	4.47457550264368	3.56791662710676	1.6155837675166	0.341924102732958
"243"	4.29676585257113	3.7263126108157	1.60269978244363	0.37422175416954
"244"	4.25321814481259	3.1215546094556	2.20071693770972	0.424510308022099
"245"	4.5371009524843	3.5678141036891	1.6407242688888	0.254360674937796
"246"	4.32677352414696	3.67538707159764	1.62108352429273	0.376755879962656
"247"	4.3878742127024	3.70149171639515	1.61693418497258	0.293699885929865
"248"	4.34583126695492	3.49961229614946	1.71708721403765	0.437469222857975
"249"	4.58505997920604	3.73835457168469	1.36441775639656	0.312167692712709
"250"	4.57628391198288	3.63603069610163	1.44793033271132	0.339755059204169
"251"	4.2693341486356	3.56235277403408	1.84532166251179	0.322991414818526
"252"	4.41667994682477	3.93308823206959	1.30638988982587	0.343841931279762
"253"	4.43386981762529	3.70831646169811	1.48222088586249	0.37559283481411
"254"	4.23512998570045	3.80892467752345	1.56510371659854	0.390841620177556
"255"	4.40992594763565	3.60346578058856	1.58061866380228	0.405989607973503
"256"	4.22835766526362	3.67090607057328	1.84642481705678	0.254311447106327
"257"	4.23049884783687	3.35629431784127	1.98011073213916	0.433096102182698
"258"	4.38129887885136	3.64209394682719	1.65029389291972	0.326313281401729
"259"	4.36190923983053	3.54060556055849	1.63829490380038	0.459190295810609
"260"	4.19578637265528	3.45552733506279	1.97866041748314	0.370025874798799
"261"	4.31909395249232	3.39299239162613	1.83282101872324	0.455092637158315
"262"	4.25523774180788	3.77711759759676	1.60030364766805	0.367341012927319
"263"	4.2290113201674	3.40255421328531	1.86975101631863	0.49868345022866
"264"	4.36445321309727	3.72670398570594	1.42630947369288	0.482533327503904
"265"	4.38963564452916	3.49505777901123	1.77088416004292	0.344422416416688
"266"	4.47173182328555	3.87784000905046	1.37125632459236	0.279171843071623
"267"	4.42273146481587	3.70195245466767	1.45006978854397	0.425246291972494
"268"	4.32018351896102	3.88754785169343	1.47176907758341	0.320499551762141
"269"	4.27486162324707	3.85625621153989	1.62035515522235	0.248527009990684
"270"	4.21542340200209	3.46061451180944	1.95116758210581	0.372794504082659
"271"	4.37242070613043	3.55403374725049	1.74920935933877	0.324336187280314
"272"	4.26944341134805	3.36087235638132	1.93869695282824	0.430987279442393
"273"	4.41022686193457	3.60181705544671	1.58208188707204	0.405874195546684
"274"	4.17374698473086	3.45278228145313	2.05241428622319	0.321056447592821
"275"	4.29832922151915	3.43204368718442	1.86823634076617	0.401390750530261
"276"	4.24695725617581	3.68045431257937	1.69110319921907	0.381485232025742
"277"	4.40637684197017	3.52389531261209	1.745057139792	0.324670705625738
"278"	4.47264638600433	3.65943862523329	1.52197614834995	0.345938840412428
"279"	4.28158448677068	3.80977079171951	1.65397023338509	0.254674488124708
"280"	4.43360964070358	3.83336510890439	1.30778785847074	0.425237391921286
"281"	4.22864950001651	3.83003334670349	1.66996451415204	0.271352639127955
"282"	4.53461162555152	3.51410675303517	1.65063146053973	0.300650160873586
"283"	4.46223710501656	3.59569244135233	1.6946608088058	0.247409644825305
"284"	4.40576253900643	3.72361832983169	1.52494076099275	0.345678370169127
"285"	4.56668177131378	3.82470818533239	1.3414249768891	0.267185066464722
"286"	4.24524432554175	3.58224048689537	1.71082359478151	0.461691592781373
"287"	4.34286212700083	3.68597453607331	1.65101678936597	0.320146547559895
"288"	4.45500746556538	3.66617088001979	1.52270988659888	0.35611176781595
"289"	4.13500861554275	3.69243530399097	1.69663519910485	0.475920881361427
"290"	4.40818667858206	3.83700506190791	1.46140303694409	0.293405222565937
"291"	4.13745187745417	3.73023880468188	1.88188175265212	0.250427565211828
"292"	4.40275727278525	3.77497542587214	1.43394409400253	0.388323207340077
"293"	4.44398932624861	3.50416759093026	1.6282201617011	0.423622921120035
"294"	4.40990715122239	3.6534743113513	1.73318457321266	0.203433964213649
"295"	4.50809327967168	3.53971452532759	1.63238213718463	0.319810057816108
"296"	4.34801930063173	3.51560899637709	1.72121860146567	0.415153101525511
"297"	4.30094249588772	3.55610913567367	1.71943905484094	0.423509313597669
"298"	4.42875989931508	3.79073090895368	1.51166598842817	0.268843203303076
"299"	4.47050340545038	3.5447002614112	1.6056284430856	0.379167890052815
"300"	4.44170026397042	3.59050434872041	1.64505305708003	0.322742330229143
"301"	4.35873363696409	3.62261970686441	1.61247879279859	0.406167863372906
"302"	4.18843755206041	3.56945146619833	1.7173867012715	0.524724280469767
"303"	4.15366811330743	3.61852614119281	1.84180693101477	0.385998814484989
"304"	4.28318363332302	3.79464913675268	1.56951070178646	0.352656528137831
"305"	4.413261831471	3.55137691952023	1.63253576056194	0.402825488446829
"306"	4.29088209729597	3.72197584855607	1.64037565761881	0.346766396529145
"307"	4.23448596989259	3.68793615420252	1.66149383397083	0.416084041934057
"308"	4.22181787015149	3.58585539782763	1.70284755595218	0.489479176068701
"309"	4.32704210231046	3.55445881269858	1.74465891694715	0.373840168043806
"310"	4.36294953749724	3.77664530250599	1.48850806093412	0.371897099062651
"311"	4.34122158544627	3.57456316384842	1.82102301697857	0.263192233726739
"312"	4.17992926314608	3.5268744495176	1.79307553365617	0.500120753680151
"313"	4.24800650323654	3.4595984806752	1.85775342670053	0.434641589387729
"314"	4.37011669647737	3.62691608679068	1.59237270052314	0.410594516208809
"315"	4.41303828709478	3.45614795448913	1.85427581087054	0.276537947545545
"316"	4.42619811040377	3.75277588339416	1.4052141180069	0.415811888195171
"317"	4.26878103380114	3.77894599666295	1.43396476185961	0.518308207676301
"318"	4.47469128740872	4.04492437342493	1.21576468482298	0.264619654343374
"319"	4.38911697060949	3.63472170510744	1.6349693039159	0.341192020367172
"320"	4.24163691522844	3.75330577297658	1.44198868699996	0.563068624795016
"321"	4.38872991746638	3.59747893369498	1.72011921337819	0.29367193546046
"322"	4.25561072713304	3.81018362034328	1.56562765983758	0.368577992686097
"323"	4.14195911729943	3.63642233071426	1.74031255266552	0.481305999320797
"324"	4.35580758453959	3.57999412050445	1.68161791175933	0.382580383196635
"325"	4.40349670458248	3.72198879682736	1.44856498224515	0.425949516345006
"326"	4.36467141041101	3.69476923673538	1.59719235324855	0.343366999605067
"327"	4.17987065979706	3.42062928956321	1.90264328599109	0.496856764648647
"328"	4.27958516676126	3.75995417292507	1.56280854810993	0.397652112203744
"329"	4.50490741189204	3.8454977475617	1.31043664706403	0.339158193482231
"330"	4.26589213718687	3.7074542576964	1.64189106045947	0.384762544657256
"331"	4.41936378247967	3.41786070112037	1.7741947704298	0.388580745970166
"332"	4.25640710752593	3.47792688196518	1.79454619335839	0.471119817150496
"333"	4.39759746824042	3.68690213950081	1.54149690383257	0.374003488426205
"334"	4.22245188569818	3.64623522740276	1.73311611634509	0.398196770553979
"335"	4.48321169566514	3.47921781812031	1.76889681314759	0.268673673066958
"336"	4.28344576236706	3.61915362199291	1.70033261761977	0.397067998020263
"337"	4.04009549446103	3.46266691286402	2.23063276277606	0.266604829898891
"338"	4.36115759917138	3.67178611996051	1.71862430241424	0.248431978453871
"339"	4.48135261590004	3.67200591234397	1.39607996736324	0.450561504392752
"340"	4.24494329580628	3.38483968579741	1.95895565417171	0.411261364224599
"341"	4.25964533558142	3.51003166703844	1.8744662318014	0.355856765578742
"342"	4.20645127338302	3.63659214134972	1.81630134813488	0.34065523713238
"343"	4.57176788968463	3.63671975353545	1.39739172424079	0.39412063253913
"344"	4.30666393371299	3.83257520444222	1.42547783950951	0.43528302233528
"345"	4.48245483060203	3.6615124506741	1.54166479712701	0.314367921596868
"346"	4.28065592536421	3.72812188010586	1.69065937026001	0.300562824269915
"347"	4.1806222992296	3.41770791607192	1.93245558396468	0.469214200733793
"348"	4.36882218190648	3.79276029492786	1.46032946367996	0.378088059485705
"349"	4.34638454691077	3.6692997755845	1.60661804683116	0.377697630673579
"350"	4.17659761361321	3.48782451563231	1.9962591192036	0.339318751550872
"351"	4.44059707049045	3.77475471116487	1.42197981841505	0.362668399929627
"352"	4.38319090520919	3.43516557538777	1.88797563873921	0.293667880663823
"353"	4.30093826358646	3.5730475626722	1.75554582948419	0.370468344257155
"354"	4.52227026414493	3.57590418641295	1.62105430590857	0.280771243533555
"355"	4.40908813694994	3.4450897897543	1.67780475470209	0.468017318593673
"356"	4.32964076590366	3.55347588064837	1.80252059740366	0.31436275604431
"357"	4.0741248428516	3.56234262803415	1.8569793096471	0.506553219467146
"358"	4.18687205069303	3.74922542288739	1.68503827727645	0.378864249143132
"359"	4.26976170934494	3.21594871638269	2.1200580480394	0.394231526232964
"360"	4.53052194616575	3.81303369264387	1.35295953956802	0.303484821622358
"361"	4.19760199911315	3.45417801326486	1.95449196842784	0.393728019194145
"362"	4.08993496284673	3.83560866119893	1.7194395240343	0.355016851920045
"363"	4.56220637201524	3.42852675453422	1.68376104091578	0.325505832534759
"364"	4.42218720107153	3.43122927397868	1.73166972469852	0.414913800251269
"365"	4.4225702604086	3.81753659693212	1.41027579024023	0.349617352419057
"366"	4.16597071838942	3.64948467418417	1.79857909735587	0.385965510070529
"367"	4.30597166824779	3.4921953534669	1.84320012362071	0.358632854664592
"368"	4.2850902605045	3.54578798997266	1.72396233512346	0.445159414399379
"369"	4.29297893637679	3.54205648040749	1.68875904694596	0.47620553626976
"370"	4.23543345307495	3.50660353778506	1.9271566211941	0.330806387945897
"371"	4.36712711230829	3.41534735446212	1.79854162264653	0.418983910583068
"372"	4.08350132857438	3.57697347633787	1.90343080209169	0.436094392996053
"373"	4.41519056184457	3.45385499471923	1.80201003330731	0.328944410128895
"374"	4.32249603089676	3.64438043553692	1.69852538163659	0.334598151929726
"375"	4.26301685286708	3.79223361709163	1.53466674635295	0.410082783688342
"376"	4.32230540282642	3.36605148350959	1.88032782134672	0.431315292317275
"377"	4.20400426791829	3.56880553575111	1.81247104917868	0.414719147151915
"378"	4.37209042282057	3.84303157327498	1.49294419203152	0.291933811872917
"379"	4.32608662712445	3.51057750195164	1.79038611342916	0.372949757494748
"380"	4.28487575630046	3.40624288932261	1.98914441643574	0.319736937941186
"381"	4.31044250324966	3.60048263608349	1.70462494261231	0.384449918054541
"382"	4.47049303752322	3.4922799746556	1.72065231396824	0.316574673852955
"383"	4.30341530377086	3.70666859614227	1.59658556224044	0.393330537846435
"384"	4.15301674623365	3.48870651575905	1.92134262424892	0.436934113758382
"385"	4.38170666014801	3.55965482790237	1.63397553565476	0.424662976294849
"386"	4.43739657725197	3.61166848671703	1.629932618335	0.321002317696007
"387"	4.33147178501481	3.50065297225624	1.76868117461973	0.399194068109222
"388"	4.51902411912546	3.46653046452947	1.58149836770322	0.432947048641859
"389"	4.3977642016742	3.4204495298147	1.77137034688524	0.410415921625853
"390"	4.42428336257129	3.94526250980963	1.28184600432325	0.348608123295831
"391"	4.28057019952153	3.54360657364076	1.81344241607409	0.362380810763619
"392"	4.23384054181283	3.72949974853303	1.68818862040406	0.348471089250077
"393"	4.42623013908909	3.84014790486106	1.43979646579827	0.293825490251577
"394"	4.16902087796197	3.49996337664055	1.93398290977229	0.397032835625195
"395"	4.35545647873211	3.59564897854752	1.72299169133926	0.325902851381103
"396"	4.41523389496067	3.5637178179975	1.5816783741838	0.439369912858033
"397"	4.29525455708249	3.54677896823834	1.82693036557076	0.331036109108413
"398"	4.36046760888316	3.77331838030691	1.46859208839967	0.397621922410268
"399"	4.21248480099991	3.76013823230677	1.50239780321715	0.524979163476167
"400"	4.34448703484909	3.41419382944111	1.85987661159846	0.381442524111339
"401"	4.33399563019718	3.49870854883221	1.7809440753827	0.386351745587904
"402"	4.4522343915659	3.68641150392558	1.5472183356963	0.314135768812222
"403"	4.3949785068781	3.728922077752	1.55240919528803	0.323690220081862
"404"	4.15635543763439	3.60478751266445	1.94972503502671	0.289132014674454
"405"	4.29941673793535	3.80865230790058	1.48360724405094	0.408323710113128
"406"	4.57972189992489	3.69005840254455	1.48783020364517	0.242389493885382
"407"	4.31693612114331	3.59540783308227	1.63381672707713	0.453839318697287
"408"	4.29449926160005	3.83731985946197	1.59858674255038	0.269594136387606
"409"	4.2221373656339	3.43267394238695	1.8429446088263	0.502244083152839
"410"	4.4450393382218	3.67129458558492	1.4994959554835	0.38417012070978
"411"	4.5110144294532	3.58779760668346	1.63963629237642	0.261551671486919
"412"	4.4780994120663	3.73705389652468	1.39930678254415	0.385539908864872
"413"	4.419394186706	3.6256700120409	1.63585865516919	0.319077146083905
"414"	4.41260094980265	3.89933344309237	1.38317282300262	0.304892784102362
"415"	4.30669111442289	3.69732613414114	1.60604638053118	0.389936370904787
"416"	4.20912411313395	3.63943183078869	1.86191248892211	0.289531567155248
"417"	4.09226321659775	3.66572101352127	1.89337588763091	0.348639882250066
"418"	4.46216368969996	3.78317125213445	1.41359821665838	0.341066841507218
"419"	4.30439953694569	3.54172376840725	1.67782146664905	0.476055227998018
"420"	4.21821762076592	3.38136169984389	2.04964021807106	0.350780461319131
"421"	4.21082617215834	3.52053488202744	1.85797635921367	0.410662586600546
"422"	4.1847203307541	3.34496964725095	2.07681787183458	0.393492150160366
"423"	4.14446459601701	3.25107941376528	2.10085524550715	0.503600744710563
"424"	4.3983688691898	3.80653616583801	1.49839506482694	0.296699900145254
"425"	4.35819470595666	3.708692624556	1.52437625824091	0.408736411246436
"426"	4.41336605850126	3.25215341988246	2.06849932227659	0.265981199339696
"427"	4.556220713067	3.42220935782914	1.69752079171342	0.324049137390436
"428"	4.28098737182767	3.92691964344574	1.40751456281812	0.384578421908468
"429"	4.47022802464493	3.91181790391768	1.29287567702005	0.325078394417343
"430"	4.10913034898303	3.44992853055497	2.07227529702454	0.368665823437456
"431"	4.48389170157174	3.45284767681389	1.75288896918458	0.310371652429797
"432"	4.33719473365528	3.69579216363129	1.48441019115474	0.48260291155869
"433"	4.16316865980628	3.66676720959587	1.79264445546329	0.377419675134557
"434"	4.27009969528261	3.64383911452219	1.5490270968063	0.537034093388904
"435"	4.29197930858002	3.7159795753859	1.67684890324621	0.315192212787868
"436"	4.17096098114678	3.59743204127684	1.66230226285067	0.569304714725724
"437"	4.17590757197712	3.79282652551379	1.72664633737887	0.304619565130217
"438"	4.35431879153636	3.58359077727493	1.69505691838309	0.367033512805622
"439"	4.38262959588686	3.84509377815995	1.39474782730294	0.37752879865025
"440"	4.23324303451851	3.77087625454097	1.62687428961638	0.369006421324131
"441"	4.44124078870292	3.71435842521071	1.41780467842604	0.426596107660331
"442"	4.44750434343626	3.6256883052212	1.59103281223743	0.335774539105114
"443"	4.07859979444678	3.73861620983829	1.90410984914509	0.278674146569838
"444"	4.19104655095759	3.74097219764743	1.65138133437791	0.416599917017066
"445"	4.32305947769061	3.44716297824378	1.87805928691768	0.351718257147929
"446"	4.42332677328105	3.56573364267206	1.65091906622579	0.360020517821097
"447"	4.48412143511429	3.7503444399596	1.48258087611239	0.282953248813722
"448"	4.46118600707251	3.49215666658459	1.53167205335234	0.514985272990557
"449"	4.34917745618683	3.3639934146079	1.91332542962273	0.373503699582548
"450"	4.09826514625983	3.41683004281227	1.89839418997235	0.586510620955557
"451"	4.34637140257172	3.73291430094978	1.58918493164654	0.331529364831957
"452"	4.45893687446234	3.72769765444215	1.54595020145841	0.267415269637097
"453"	4.27682532664748	3.59987167854841	1.74148688492917	0.381816109874935
"454"	4.30619741515916	3.58928460975848	1.78446406039894	0.320053914683416
"455"	4.2192532694331	3.64456887119181	1.71052329824697	0.425654561128115
"456"	4.24976963430831	3.47239000286158	1.88369761853276	0.394142744297353
"457"	4.36336606197148	3.70176386256778	1.57955433637942	0.355315739081322
"458"	4.32805952321513	3.61939916955781	1.64931124084035	0.403230066386715
"459"	4.24123223675679	3.63183771223177	1.77234431498853	0.354585736022904
"460"	4.27307359555057	3.72954911497151	1.61690883277403	0.38046845670389
"461"	4.06433527852995	3.620851249808	1.82307673103437	0.491736740627684
"462"	4.11154372966586	3.62520523481729	1.91736783596624	0.345883199550605
"463"	4.3642702226353	3.67967807921495	1.69019402975202	0.265857668397727
"464"	4.39952163015492	3.50426936164393	1.721403909318	0.374805098883158
"465"	4.03460419943407	3.57053178537198	1.93503852028103	0.459825494912913
"466"	4.43182069264976	3.52308839790229	1.73879723015888	0.306293679289066
"467"	4.36129815094482	3.70821720609719	1.54848021484991	0.382004428108072
"468"	4.29625577817008	3.29555458192891	1.96594723706092	0.442242402840084
"469"	4.35422194204248	3.52224252850693	1.71367511229952	0.409860417151071
"470"	4.37422015791944	3.60679382903092	1.77842210436296	0.240563908686679
"471"	4.3294810815758	3.59993329736951	1.67746195477772	0.393123666276976
"472"	4.27468741083486	3.64732520506502	1.65258999411022	0.4253973899899
"473"	4.3629883238004	3.55390365669643	1.69388071297618	0.389227306526999
"474"	4.33855029386006	3.45716521739104	1.91987666417163	0.284407824577267
"475"	4.25820162101588	3.90774858659706	1.44834518245467	0.385704609932384
"476"	4.31435292335914	3.52303085975512	1.79588590028329	0.366730316602445
"477"	4.08733325162687	3.47229254928982	2.15862092963189	0.281753269451416
"478"	4.2822536814696	3.56165044543025	1.7605162014232	0.395579671676943
"479"	4.21500068639915	3.88837359379068	1.58830518292886	0.30832053688131
"480"	4.34049400498434	3.34960294936106	1.99498581413613	0.314917231518467
"481"	4.26786426590658	3.53840772623879	1.85894671384454	0.334781294010085
"482"	4.55696221472897	3.89851178626319	1.27935795184214	0.26516804716569
"483"	4.40314639037565	3.7612105528357	1.58437811061031	0.251264946178334
"484"	4.22798904939829	3.78238985757412	1.73020617629532	0.259414916732273
"485"	4.34542921577258	3.54242930244838	1.73839501328742	0.373746468491626
"486"	4.34776363435034	3.33174868301491	1.9679013406928	0.352586341941941
"487"	4.26932995468482	3.35766346442181	1.85298130183221	0.520025279061156
"488"	4.1073168578896	3.31505439000093	2.08816435253792	0.489464399571545
"489"	4.42762780895037	3.46073912300513	1.80119832099331	0.31043474705119
"490"	4.29664835607585	3.65519272339497	1.65570048457085	0.392458435958327
"491"	4.36269540604268	3.59503574893556	1.52467401209135	0.517594832930415
"492"	4.24279273723753	3.64158916217269	1.73609850438766	0.379519596202119
"493"	4.24325403724305	3.45572115848946	1.7952800346346	0.505744769632888
"494"	4.40136259092136	3.23307615194645	1.98302951128867	0.382531745843529
"495"	4.29301602469211	3.72134582206095	1.663453939897	0.322184213349926
"496"	4.32420256843133	3.45113594408002	1.87385007660399	0.35081141088467
"497"	4.40543109438717	3.82101435085503	1.41543668951976	0.358117865238038
"498"	4.26644491810671	3.72460110069019	1.61394958103384	0.395004400169259
"499"	4.5499266291801	3.74438187616126	1.46311826543004	0.242573229228604
"500"	4.47956666119385	3.8799867838953	1.34776406331466	0.292682491596188
"501"	4.26756172304524	3.61014680472907	1.7630292170164	0.359262255209282
"502"	4.41103824372902	3.83507371717706	1.44188938330594	0.311998655787982
"503"	4.25685471802755	3.8385637935829	1.48504198271213	0.419539505677417
"504"	4.33038069085527	3.58195001721796	1.70504577386481	0.382623518061958
"505"	4.20884300459343	3.73883040121287	1.6761222765879	0.376204317605797
"506"	4.22196543124188	3.63902639255916	1.76190935393606	0.377098822262893
"507"	4.58905404329262	3.64217873140887	1.37731334922502	0.391453876073486
"508"	4.26042910723793	3.76694299234401	1.60869702763194	0.363930872786119
"509"	4.28184655231764	3.25510722533646	2.0400259230072	0.423020299338698
"510"	4.34267931570807	3.33655204017426	1.84047192632088	0.480296717796783
"511"	4.39817268471724	3.76761856479796	1.50561539891112	0.32859335157368
"512"	4.45353467899968	3.67852786973933	1.47691296184914	0.391024489411848
"513"	4.26040232164044	3.53486263164696	1.81745594565936	0.387279101053232
"514"	4.36604929114931	3.49205353181127	1.81957190294363	0.322325274095801
"515"	4.40854511626539	3.64786926989493	1.48850993535565	0.455075678484027
"516"	4.48446275486042	3.62030970679002	1.55283154878556	0.342395989564006
"517"	4.30680795217917	3.5558862784097	1.75028122571441	0.387024543696715
"518"	4.32049098255298	3.61405575636088	1.67794099357147	0.387512267514669
"519"	4.33076293252687	3.3486986165949	1.9429645147552	0.37757393612302
"520"	4.31751823379543	3.9398839254805	1.49300710816995	0.249590732554129
"521"	4.25487370717122	3.60098215621134	1.77714992638738	0.366994210230071
"522"	4.24468556682463	3.8457391419736	1.59537769562278	0.314197595578996
"523"	4.53936614957485	3.78860106958528	1.34847228589682	0.323560494943058
"524"	4.33504593389965	3.70552646990902	1.62787602720855	0.331551568982778
"525"	4.36233912780488	3.45860002367485	1.73119045801866	0.447870390501608
"526"	4.33099265892579	3.58201844180172	1.74082979554737	0.346159103725119
"527"	4.23840496943507	3.30458089646519	2.07847707472385	0.378537059375903
"528"	4.32495318473749	3.42809940991966	1.89576044127211	0.351186964070743
"529"	4.25265810601933	3.59947055372165	1.8209329880955	0.326938352163528
"530"	4.27992694549744	3.65092609647299	1.74272135866895	0.326425599360627
"531"	4.35209450991336	3.60153443432984	1.69895541739031	0.347415638366488
"532"	4.349115042644	3.72308982306206	1.53168619810953	0.39610893618441
"533"	4.44589235107415	3.64639991703525	1.56852887224636	0.339178859644235
"534"	4.30794514065281	3.83038316199795	1.46262599881045	0.399045698538793
"535"	4.34817987451763	3.31452376953562	1.9049080939932	0.432388261953542
"536"	4.49937146553355	3.89591204094615	1.35290428479875	0.251812208721554
"537"	4.29614302655443	3.72603380948138	1.63669006607703	0.341133097887155
"538"	4.30292913274309	3.9357962159541	1.36222458700588	0.399050064296939
"539"	4.35768212054847	3.62133707300728	1.60406037813476	0.416920428309493
"540"	4.19035878021357	3.82285603681449	1.60991925246339	0.376865930508557
"541"	4.42506366201793	3.58570145514716	1.59684984478732	0.39238503804759
"542"	4.37801405731965	3.66253774713075	1.6580868655264	0.3013613300232
"543"	4.19638896538757	3.60115776486282	1.81353842817534	0.388914841574276
"544"	4.22437607026613	3.52474919220418	1.81174582606631	0.439128911463386
"545"	4.31674134829668	3.39998857992478	1.86542215079751	0.417847920981031
"546"	4.42370089041916	3.62631243061133	1.5941652280623	0.355821450907221
"547"	4.48707765847941	3.73746773106964	1.39495794677338	0.380496663677572
"548"	4.44126799574037	3.72303138871925	1.50217547127421	0.333525144266164
"549"	4.5260705529721	3.64992126782873	1.46810430926612	0.355903869933048
"550"	4.49997670362212	3.64566756420421	1.59657279731405	0.25778293485962
"551"	4.19989519780441	3.76015785796035	1.59250183834299	0.447445105892249
"552"	4.09727525713199	3.50366564481398	1.84864856495281	0.550410533101222
"553"	4.477907489253	3.49318451765489	1.72802505276079	0.300882940331326
"554"	4.32794196026036	3.52195270964551	1.76303517228746	0.387070157806674
"555"	4.14853325319083	3.70526335709994	1.74814788561282	0.398055504096408
"556"	4.54366356094261	3.46689238481513	1.72273774116713	0.266706313075128
"557"	4.19785848049638	3.67516378183916	1.72375142576131	0.403226311903152
"558"	4.55375573394231	3.67557891447034	1.30201580424173	0.468649547345618
"559"	4.34592196053628	3.80977438122503	1.59219888243657	0.252104775802112
"560"	4.37641437074399	3.67002043242944	1.58054409939731	0.373021097429263
"561"	4.15613323429325	3.54119655671985	1.8985779698871	0.404092239099807
"562"	4.46513883584791	3.67365413232853	1.54353379437617	0.317673237447393
"563"	4.52099280348245	3.77745306398714	1.43565350626096	0.265900626269446
"564"	4.34039704933399	3.72972327750597	1.5478516827757	0.382027990384339
"565"	4.27706020588629	3.5834268177231	1.79137709040046	0.348135885990145
"566"	4.35747383314453	3.83393920372667	1.49781045166935	0.310776511459455
"567"	4.15568000937078	3.41380251933307	2.09780705526224	0.332710416033911
"568"	4.27466530909128	3.50245119542616	1.75431886276021	0.468564632722354
"569"	4.32391866230677	3.52943271654011	1.67823002610958	0.468418595043538
"570"	4.41637766675833	3.88550777914181	1.39354004557483	0.30457450852503
"571"	4.37749528801132	3.53762990220411	1.59429429799652	0.490580511788048
"572"	4.36121561023534	3.66370668837792	1.65850981563503	0.316567885751715
"573"	4.41280292036266	3.50926707473665	1.76490413938676	0.313025865513928
"574"	4.25151346638405	3.48629395722893	1.90793391931008	0.354258657076943
"575"	4.29635440257664	3.51195003414585	1.74326836342336	0.448427199854154
"576"	4.35281695620686	3.7569027405595	1.59445958712174	0.295820716111898
"577"	4.32605707345511	3.26254245210895	2.00780653268675	0.403593941749193
"578"	4.19825107553002	3.76798030332338	1.73572254711098	0.298046074035619
"579"	4.39117623208565	3.54611816202374	1.70951408517418	0.353191520716426
"580"	4.42514842105397	3.40689440161637	1.87241857036405	0.295538606965621
"581"	4.09246486130704	3.61577172342713	1.6758298472759	0.615933567989932
"582"	4.3673700504751	3.65614388437576	1.59605657815367	0.380429486995466
"583"	4.22878309513161	3.34682333703515	1.9615822030624	0.462811364770842
"584"	4.24194430446341	3.71107024417908	1.6602447154959	0.386740735861614
"585"	4.40364223028788	3.39103478659525	1.82353003332	0.381792949796864
"586"	4.36112827557826	3.4158738629085	1.95943007713014	0.263567784383097
"587"	4.32218375203908	3.88601425887604	1.46744855995811	0.324353429126767
"588"	4.2923625703162	3.38692840993986	1.98651154627166	0.334197473472272
"589"	4.43546222741237	3.41929163162112	1.71977212609253	0.425474014873995
"590"	4.38188291478378	3.557398529411	1.66430799256851	0.396410563236715
"591"	4.36013765949588	3.52519908288542	1.7467359921685	0.367927265450205
"592"	4.3289454596611	3.5742266314516	1.75177398618173	0.345053922705576
"593"	4.23561481629582	3.64796858212648	1.68491158138735	0.431505020190341
"594"	4.23692812218562	3.58391809595188	1.73164150155048	0.447512280312026
"595"	4.20037702689932	3.4030150859921	1.99968628736476	0.396921599743811
"596"	4.35604341584545	3.5502239825193	1.748475243093	0.345257358542252
"597"	4.14000799249636	3.55195805151859	1.90038673147177	0.407647224513271
"598"	4.1974110219457	3.55986406710053	1.86821209465317	0.374512816300605
"599"	4.30097494406075	3.75574763635286	1.66156112536052	0.281716294225873
"600"	4.15741682117112	3.53935281725817	1.96465310929728	0.33857725227343
"601"	4.45541961460828	3.53266184244841	1.60796178995408	0.403956752989228
"602"	4.24163221043122	3.61452758156513	1.70421840743341	0.439621800570239
"603"	4.37371149439777	3.83043102691836	1.44502345437784	0.35083402430603
"604"	4.26528194232349	3.50288356957045	1.8634755780996	0.368358910006457
"605"	4.35644252032639	3.42521754765062	1.79238843306984	0.425951498953158
"606"	4.41269132706509	3.30325305807749	1.90019882167531	0.383856793182111
"607"	4.27697895925637	3.59198110216856	1.83850744755063	0.292532491024434
"608"	4.28003502836657	3.53468941980831	1.80714155963332	0.378133992191806
"609"	4.40695393823662	3.8138436601898	1.46876294272069	0.310439458852885
"610"	4.35272360627164	3.28615132593302	1.84699386821271	0.51413119958263
"611"	4.16441474545692	3.71973977425089	1.68198538486698	0.433860095425215
"612"	4.34234868820604	3.60870642962762	1.77057635423248	0.278368527933867
"613"	4.46823923145701	3.63042249595257	1.57038256945152	0.330955703138906
"614"	4.50333205800611	3.55765787670463	1.62902386903111	0.309986196258158
"615"	4.25670727272729	3.55675543041307	1.89324616075595	0.293291136103696
"616"	4.04165919884318	3.515391051329	2.02071358060612	0.422236169221708
"617"	4.27233808286327	3.64861694646268	1.79663784761209	0.282407123061967
"618"	4.37631660131495	3.74339904204495	1.62984804614871	0.250436310491383
"619"	4.48531304546581	3.7199021629622	1.53713102539335	0.257653766178638
"620"	4.17294744976711	3.51690522737343	1.93508977944552	0.375057543413939
"621"	4.45998324038215	3.61581147409535	1.63309951192123	0.29110577360127
"622"	4.49539989042788	3.62392625427721	1.50391349373825	0.376760361556662
"623"	4.34744264884874	3.70001484657533	1.63371423445193	0.318828270124002
"624"	4.29378012168721	3.29488861301095	1.98349776321491	0.427833502086928
"625"	4.40818955088071	3.47105720013866	1.79174230323687	0.329010945743761
"626"	4.45204449102878	3.5269910719629	1.61347908621648	0.407485350791837
"627"	4.28502063736848	3.87199278584051	1.56857052094567	0.274416055845339
"628"	4.32305647453892	3.6211243346483	1.72301107788193	0.33280811293085
"629"	4.39295631902497	3.7623688396027	1.4877191838356	0.356955657536725
"630"	4.36189932652468	3.45579203181534	1.7597861909837	0.422522450676283
"631"	4.34289615192497	3.59864085196032	1.69366187858675	0.364801117527956
"632"	4.21591806656125	3.84273037017142	1.64477439459708	0.296577168670245
"633"	4.22980688035187	3.506704347198	1.91517909452422	0.348309677925905
"634"	4.38611237152714	3.44732111082184	1.75437802900996	0.412188488641061
"635"	4.38702118910491	3.82259143972164	1.48609324006586	0.304294131107588
"636"	4.31325655591078	3.57275644390968	1.78010535715741	0.333881643022134
"637"	4.24514279085154	3.60885054946019	1.7293727128762	0.416633946812077
"638"	4.3013139111668	3.53978347902393	1.78071539476297	0.378187215046307
"639"	4.40700670001136	3.52592536286625	1.70742983207714	0.359638105045248
"640"	4.29285090211075	3.67136506801122	1.55051982814628	0.485264201731744
"641"	4.4927991023932	3.51725453222534	1.70185659253248	0.288089772848976
"642"	4.29920457532904	3.33680880301589	2.01268619255784	0.351300429097225
"643"	4.31580699956353	3.87800028007044	1.48465728476021	0.321535435605827
"644"	4.42828474025826	3.73689938050343	1.51343358282249	0.321382296415814
"645"	4.38254685385698	3.69872741975986	1.60022815738168	0.318497569001479
"646"	4.28710243330138	3.41805222381983	1.88438121104249	0.410464131836306
"647"	4.35833587864052	3.33354024113071	1.84273436675489	0.465389513473885
"648"	4.24750452961012	3.47404843807118	1.84360965513083	0.434837377187883
"649"	4.33210258482762	3.53759357359818	1.73756898911231	0.392734852461888
"650"	4.42552529565755	3.49022384020253	1.68974546120299	0.39450540293692
"651"	4.45888582154079	3.69067724281047	1.45321316243291	0.397223773215833
"652"	4.31903258916187	3.6488939122343	1.69544395702973	0.336629541574095
"653"	4.44468807512719	3.94257967120897	1.3573548780845	0.255377375579335
"654"	4.37108122395515	3.33319122079999	1.89515415021685	0.400573405028019
"655"	4.42506300951257	3.55997817400279	1.59008337210275	0.424875444381886
"656"	4.2201679083638	3.34486490390987	2.01760423330025	0.417362954426073
"657"	4.25187005235183	3.75709066675192	1.6055248904595	0.385514390436758
"658"	4.2627944750715	3.58640477283844	1.78883880619152	0.361961945898533
"659"	4.23468149718297	3.4349315237553	1.82092268031391	0.509464298747831
"660"	4.42919223359192	3.3480784514849	1.90049625485292	0.322233060070269
"661"	4.27041346754638	3.7284627493756	1.5375497766378	0.463574006440218
"662"	4.55856270807876	3.69761469219269	1.41032457474872	0.33349802497982
"663"	4.31622629421188	3.78385822206631	1.56509332491189	0.334822158809921
"664"	4.15647525422166	3.73856157403456	1.77825237407963	0.326710797664135
"665"	4.28775328032758	3.53752785427443	1.84911469273197	0.32560417266602
"666"	4.43260708465812	3.82768731278175	1.46512781206568	0.274577790494454
"667"	4.19974836865766	3.46307868197641	1.90869712363954	0.428475825726397
"668"	4.21576580434954	3.69645555799385	1.7563473648319	0.331431272824713
"669"	4.21645288220375	3.57036571723512	1.79276330209158	0.420418098469548
"670"	4.07239966570675	3.42350302063793	2.18285487373533	0.321242439919997
"671"	4.27811416470932	3.66415940725025	1.70675626117335	0.350970166867083
"672"	4.47021399198872	3.66075892325458	1.4833530866334	0.385673998123309
"673"	4.18864101588781	3.64205002936437	1.70827630642955	0.461032648318263
"674"	4.41921745569582	3.63000246081614	1.69589814658369	0.25488193690435
"675"	4.3247875520841	3.57216382921851	1.84110096059848	0.261947658098907
"676"	4.20169066239961	3.57624650711229	1.68990489458901	0.532157935899095
"677"	4.16993393103054	3.72953109892009	1.76055105885139	0.33998391119798
"678"	4.2530086773734	3.63519632083234	1.67023190935617	0.44156309243809
"679"	4.40515930476667	3.74072593987485	1.47947743544341	0.374637319915066
"680"	4.42441927374844	3.58527381997257	1.70382516412731	0.286481742151678
"681"	4.22458472433742	3.52452382654835	1.8022106502617	0.448680798852539
"682"	4.11301985119846	3.66607319966548	1.81236936316763	0.40853758596843
"683"	4.34454170187376	3.56023298756541	1.777352288877	0.317873021683826
"684"	4.36156914268787	3.26151335868381	1.94193290149191	0.434984597136403
"685"	4.25008514635447	3.54257304117613	1.74931175439595	0.458030058073452
"686"	4.42446537347074	3.62399481123445	1.6238645212146	0.327675294080206
"687"	4.3069462362395	3.6449476882835	1.73647652690646	0.311629548570548
"688"	4.36675206096708	3.73838969970987	1.51084917673305	0.384009062589994
"689"	4.28920710602612	3.54515259259622	1.89596798843618	0.269672312941485
"690"	4.0086824131612	3.56387790411052	2.11937228080146	0.308067401926823
"691"	4.27303087125276	3.42966373479716	1.88099973879888	0.416305655151205
"692"	4.30638291217698	3.52745273261548	1.81754313115583	0.348621224051708
"693"	4.19866616715394	3.60034740458831	1.7428000626096	0.458186365648161
"694"	4.48537530664381	3.28100578457912	1.86327774138997	0.370341167387103
"695"	4.43547192086611	3.46271626257966	1.77538787776309	0.32642393879114
"696"	4.36473868478328	3.41667314141505	1.8386789778063	0.379909195995359
"697"	4.40522739067992	3.4625930658387	1.75111832428353	0.381061219197846
"698"	4.39355128227598	3.54009258791111	1.76549583003659	0.300860299776325
"699"	4.45723608761111	3.64417707514606	1.55495099080208	0.343635846440748
"700"	4.32603152563772	3.8525852112076	1.52254564090636	0.29883762224832
"701"	4.40418446748387	3.64690314006616	1.62138428537288	0.327528107077092
"702"	4.28194720933191	3.6853823963254	1.6031376127632	0.429532781579485
"703"	4.37827888676874	3.48066073733849	1.75121959875748	0.389840777135293
"704"	4.25201028490027	3.49729154469334	1.90048881971135	0.350209350695043
"705"	4.27069698252439	3.67893530834023	1.70813506465674	0.342232644478645
"706"	4.53656011842496	3.59405517950891	1.52757022581652	0.341814476249619
"707"	4.29111645153652	3.55726279669166	1.78241027883948	0.369210472932348
"708"	4.26510513280183	3.55179072719452	1.73454765664841	0.448556483355238
"709"	4.27763457509361	3.40165659866979	2.00040854174063	0.320300284495967
"710"	4.4120650057707	3.34332759602337	1.8741112168791	0.37049618132684
"711"	4.26294175338716	3.62733532148867	1.78213186076009	0.327591064364078
"712"	4.33338471070967	3.46595246665221	1.90344576592179	0.297217056716324
"713"	4.14470477441268	3.78003588572845	1.64783527389822	0.427424065960652
"714"	4.18131358961539	3.98435683481349	1.43330393605781	0.401025639513311
"715"	4.32177047417192	3.46506408915127	1.78884494535509	0.424320491321726
"716"	4.34974419151094	3.64959008702603	1.76347571967075	0.237190001792277
"717"	4.28436450470572	3.67433171408062	1.73868174495178	0.302622036261878
"718"	4.44531227475041	3.89468166419745	1.43802279831792	0.221983262734222
"719"	4.21707679097142	3.42609289308487	1.98115485679838	0.375675459145329
"720"	4.31436151022107	3.68115887941082	1.68193552264497	0.322544087723139
"721"	4.13854975290308	3.81081991732347	1.74156672255247	0.309063607220983
"722"	4.44336244449138	3.52747069495246	1.65989931873451	0.369267541821642
"723"	4.40857567771663	3.65443030096337	1.52363518325269	0.413358838067306
"724"	4.23066427870313	3.50017478636832	2.00874897143538	0.260411963493168
"725"	4.56419964564478	3.96585610749928	1.15886231525748	0.311081931598459
"726"	4.33595596218006	3.61196362322887	1.75883640526481	0.293244009326251
"727"	4.29383105959177	3.72972110891854	1.54440056006945	0.432047271420236
"728"	4.24677498557441	3.65066739152232	1.68257360038884	0.419984022514426
"729"	4.20373154593555	3.68586568558465	1.73156018991676	0.378842578563042
"730"	4.42011455798028	3.45160078915224	1.86248716932755	0.265797483539922
"731"	4.41358022099505	3.45917479815404	1.80786431692835	0.319380663922562
"732"	4.28054044617135	3.66764036505296	1.68944771990494	0.362371468870758
"733"	4.42245427601123	3.52515053750555	1.70598660577204	0.346408580711171
"734"	4.35606262484054	3.41829985664528	1.85049198767917	0.375145530835004
"735"	4.34028799363337	3.56889906782772	1.83498302406153	0.255829914477383
"736"	4.37291576445235	3.58038190812814	1.64448502921086	0.402217298208654
"737"	4.34493073736938	3.22577900947418	1.8461754600035	0.583114793152938
"738"	4.36038178002594	3.73322547686892	1.53690661859486	0.369486124510286
"739"	4.33589888015439	3.6632392645732	1.62309275578245	0.377769099489958
"740"	4.39538304348113	3.6315232969187	1.53075028897608	0.442343370624088
"741"	4.10189964987146	3.67961277680497	1.75021017926777	0.468277394055793
"742"	4.41327269737254	3.74326776976751	1.5763274823295	0.267132050530449
"743"	4.2447543360235	3.69517393043732	1.64739006910484	0.412681664434346
"744"	4.12158933923074	3.7714564474485	1.76124397226072	0.345710241060041
"745"	4.39114018494632	3.6374136680286	1.55208838073869	0.419357766286387
"746"	4.35895758726931	3.44928690158421	1.82811679398824	0.363638717158241
"747"	4.39650591483463	3.68708156182137	1.57878113050585	0.337631392838151
"748"	4.4679832420546	3.66170460504666	1.56762397465948	0.302688178239258
"749"	4.11092625423491	3.45681247995952	1.92126162926467	0.510999636540895
"750"	4.23379971313649	3.94210255565607	1.50121972956037	0.32287800164707
"751"	4.36013406187676	3.4322650314517	1.79899691123296	0.408603995438582
"752"	4.3494430809417	3.70251164599661	1.50963874414803	0.43840652891366
"753"	4.38472185432961	3.35631558818851	1.90341421367681	0.355548343805074
"754"	4.3386230135188	3.45481359312279	1.90797342918039	0.298589964178024
"755"	4.2068275965883	3.47574898086656	1.79371809092984	0.5237053316153
"756"	4.13854901515149	3.72870636177656	1.81283550932492	0.319909113747027
"757"	4.40748410270658	3.45818640712642	1.73074832519501	0.403581164971988
"758"	4.27137611828697	3.53889368591701	1.80495057271021	0.384779623085802
"759"	4.31821177559725	3.62446072656562	1.76788925131568	0.289438246521456
"760"	4.24867250892758	3.62130133713686	1.72267857213254	0.407347581803019
"761"	4.25707924485714	3.39372634926045	1.93693926361828	0.412255142264135
"762"	4.38092821775473	3.54842337168815	1.62068724533527	0.449961165221847
"763"	4.26188000751996	3.58704375107256	1.72142443113921	0.42965181026828
"764"	4.22174968156312	3.68904482327464	1.65232686198841	0.436878633173831
"765"	4.30490227838608	3.77534741875111	1.54178351757198	0.377966785290829
"766"	4.35138089474646	3.44110168182252	1.80218419588703	0.405333227543995
"767"	4.36281353264912	3.53283966225262	1.62220326832125	0.482143536777014
"768"	4.50117757156476	3.70859619810657	1.46556209742352	0.324664132905141
"769"	4.3130170262497	3.33854117800265	1.87646250508861	0.471979290659035
"770"	4.34242590902855	3.60386266948472	1.62765988415757	0.426051537329154
"771"	4.28865500068647	3.65098174993976	1.58673755985869	0.473625689515077
"772"	4.26520386733417	3.74731349380625	1.58742515670465	0.400057482154924
"773"	4.44392325721799	3.60453567861103	1.63135645669369	0.320184607477295
"774"	4.22411016313583	3.46250128912234	1.88348331923191	0.429905228509924
"775"	4.25595868400063	3.2834237330931	2.1318887101671	0.328728872739164
"776"	4.37158595548371	3.52793889047882	1.80022095251457	0.300254201522905
"777"	4.34704697629281	3.56655597764524	1.69670770396971	0.389689342092235
"778"	4.24965564816801	3.56083744991255	1.97008560093699	0.219421300982451
"779"	4.31611079314442	3.33536976805998	1.81733523011324	0.531184208682359
"780"	4.16546485200678	3.48016756274766	1.96007947785271	0.394288107392852
"781"	4.46203649349104	3.821216860426	1.35930295399793	0.357443692085037
"782"	4.40011247324201	3.35749669103376	1.86142713215792	0.380963703566316
"783"	4.35493308006027	3.66392106894544	1.65321077922843	0.32793507176586
"784"	4.37174162212467	3.53619875063381	1.71267179444646	0.37938783279507
"785"	4.03159073525345	3.60513119093965	1.85702868433924	0.506249389467657
"786"	4.34817996167838	3.40673615355289	1.83201121451932	0.413072670249404
"787"	4.25639248683949	3.73511370099941	1.72485990954428	0.283633902616828
"788"	4.37211765719649	3.6300441769669	1.59282728894176	0.405010876894845
"789"	4.2109844050314	3.41047058022246	2.01530546173359	0.363239553012562
"790"	4.11791292206721	3.46868624342443	2.09998436239594	0.313416472112418
"791"	4.29634314606594	3.67799386985977	1.67540307191376	0.35025991216054
"792"	4.25224388167314	3.56855326470359	1.80785411866614	0.371348734957123
"793"	4.38475034632207	3.72041972496551	1.53080041723336	0.36402951147906
"794"	4.38339334482931	3.41862207071339	1.82176278641371	0.37622179804359
"795"	4.55642992830483	3.47119267243979	1.57504128241079	0.397336116844587
"796"	4.1913077308946	3.61167585969967	1.89649042770929	0.300525981696442
"797"	4.24369724425777	3.94084903477254	1.41912680066488	0.396326920304811
"798"	4.36183615340904	3.58683081790062	1.729187130086	0.322145898604336
"799"	4.17966160375111	3.49197269711885	1.99291942649453	0.335446272635511
"800"	4.22917626808484	3.50255611842127	1.91740138716196	0.350866226331931
"801"	4.34241527908851	3.61015235097526	1.69967299972941	0.347759370206818
"802"	4.34862106310674	3.61964674599687	1.67981765356564	0.351914537330743
"803"	4.05793084002869	3.70051263298935	1.94439488550259	0.297161641479373
"804"	4.37732785019559	3.55391691158348	1.76450499879167	0.30425023942926
"805"	4.38908516678315	3.70447188521343	1.5004549667613	0.405987981242119
"806"	4.38063772122681	3.57493809602055	1.72085289618994	0.323571286562699
"807"	4.29698370617364	3.70442712053421	1.58902716553465	0.409562007757501
"808"	4.50413644655951	3.70952404554202	1.49601245165465	0.290327056243825
"809"	4.30174942584749	3.62442258514469	1.78323641205213	0.29059157695569
"810"	4.40260032207398	3.40981828965743	1.84806366637437	0.339517721894207
"811"	4.37775195449994	3.51924822327823	1.71136369171635	0.391636130505483
"812"	4.34898197909585	3.65818181804171	1.58973805604762	0.403098146814818
"813"	4.27820157819729	3.6480891252804	1.72440719397072	0.349302102551583
"814"	4.29940156926198	3.27864954201259	2.0318844025244	0.39006448620104
"815"	4.25355147688305	3.7507203202643	1.74879403226757	0.246934170585075
"816"	4.33763028827248	3.69482298422801	1.64316335064253	0.324383376856987
"817"	4.11804564525944	3.4967714341758	1.95773341857857	0.427449501986182
"818"	4.29198736775686	3.45976379434971	1.76455581342008	0.48369302447335
"819"	4.36386470341416	3.62963777821632	1.68853960886694	0.317957909502586
"820"	4.34002403781182	3.52069493874502	1.76133307494879	0.377947948494376
"821"	4.32300164950411	3.71284111691436	1.5731023045163	0.391054929065225
"822"	4.18223264001039	3.2304368771528	2.16277916793403	0.424551314902778
"823"	4.22754068195334	3.35011132315663	1.97007281070427	0.452275184185767
"824"	4.25418156249144	3.4098145497013	1.89342163273371	0.442582255073543
"825"	4.25168290555357	3.63814192182592	1.73614632494658	0.374028847673935
"826"	4.32267505330137	3.29112402127472	2.07496171916094	0.311239206262968
"827"	4.17944389416004	3.74604126481804	1.72888862900767	0.345626212014242
"828"	4.15863130057263	3.71325609888196	1.74146625953865	0.386646341006763
"829"	4.36817575474735	3.26523664831147	1.86724294104764	0.499344655893536
"830"	4.27268632118805	3.50534812025548	1.84736629056823	0.374599267988239
"831"	4.43537933995331	3.57405621162359	1.58677312293652	0.403791325486583
"832"	4.32931623546117	3.77931731399669	1.56722739406573	0.3241390564764
"833"	4.29953070093419	3.49449387210134	1.74201876624014	0.46395666072432
"834"	4.32995051495424	3.5568106444189	1.71909418864545	0.394144651981411
"835"	4.52814292146141	3.71773256587543	1.48880861143741	0.265315901225754
"836"	4.41888463552293	3.95411131483118	1.35331633342578	0.273687716220107
"837"	4.20611661499685	3.47317832533225	1.91367748603231	0.407027573638592
"838"	4.31302745557676	3.53337084256336	1.84869549710853	0.304906204751358
"839"	4.33485130643288	3.7904781223177	1.54778280733956	0.326887763909863
"840"	4.41564806873761	3.4575699978021	1.83677464990556	0.29000728355472
"841"	4.30835623909268	3.38999225235175	1.78445982285456	0.517191685701008
"842"	4.32397617818597	3.71855930965958	1.58782777216194	0.369636739992513
"843"	4.3609829223142	3.62751370205909	1.68341992791309	0.328083447713613
"844"	4.36010059390096	3.3710833964914	1.96550992438611	0.303306085221536
"845"	4.23999360149542	3.61943281096239	1.74402649004983	0.396547097492368
"846"	4.29449079905627	3.42417512473137	1.87519276599465	0.406141310217708
"847"	4.275028008148	3.61513099126352	1.70317009596857	0.406670904619916
"848"	4.32099931863283	3.48717672151075	1.89210888353053	0.299715076325886
"849"	4.32638537629886	3.82868886540849	1.39975329107749	0.445172467215166
"850"	4.17324609288058	3.74956025095878	1.75703070604809	0.320162950112551
"851"	4.39140013286238	3.48516165412634	1.71545758479338	0.4079806282179
"852"	4.30170387371676	3.82404125722373	1.55379352550076	0.320461343558746
"853"	4.29304377216967	3.51585541546117	1.85587708277492	0.335223729594241
"854"	4.25424759853168	3.30761800121248	1.91820970593303	0.519924694322815
"855"	4.441208056984	3.86305288190426	1.45661212761744	0.239126933494299
"856"	4.42240660660313	3.86664551695721	1.37450505371662	0.336442822723036
"857"	4.50113709710325	3.53163150860671	1.6266944911916	0.340536903098442
"858"	4.08988300382663	3.4407716129455	1.98794309745478	0.481402285773089
"859"	4.31813196658409	3.73386730004458	1.57845794879515	0.369542784576174
"860"	4.27201522775888	3.65283313487028	1.68961385662719	0.385537780743651
"861"	4.33787275386049	3.70992485138173	1.56950606750663	0.382696327251147
"862"	4.28763175136511	3.72972089387712	1.5434340445202	0.439213310237558
"863"	4.29942331243892	3.74974599559026	1.50436664189312	0.446464050077697
"864"	4.30962677767532	3.66286346146564	1.70766191321213	0.319847847646909
"865"	4.38806190900165	3.61403325350233	1.65864259691766	0.339262240578351
"866"	4.31761819698074	3.50500452058833	1.72172294893567	0.455654333495259
"867"	4.08752050036358	3.52845000710012	1.95941485765666	0.424614634879643
"868"	4.17988341746998	3.7098877898195	1.73552714678894	0.374701645921574
"869"	4.35883143425798	3.25328675041717	2.14589317894236	0.241988636382489
"870"	4.35383998103775	3.44151503018149	1.954262307883	0.250382680897755
"871"	4.3059875418093	3.55344514912346	1.81140216715821	0.329165141909027
"872"	4.14917726559847	3.45830608910905	1.96612030025086	0.426396345041613
"873"	4.33318276725378	3.83790039557057	1.56488787259723	0.264028964578418
"874"	4.40789945717888	3.53745712142223	1.81106356794492	0.243579853453966
"875"	4.39588749001392	3.42750672614884	1.79243223768042	0.384173546156816
"876"	3.99185537861592	3.8470050295089	1.73183068439567	0.429308907479507
"877"	4.27275661758851	3.49325958571525	1.78362722275861	0.450356573937637
"878"	4.29043067840947	3.52082168498235	1.71172986080778	0.4770177758004
"879"	4.28222681575718	3.49562855657832	1.86758495434352	0.354559673320985
"880"	4.30933087244462	3.61356402899485	1.7147514462625	0.362353652298029
"881"	4.28487998590795	3.76330649693482	1.66911173357149	0.282701783585737
"882"	4.58599520750718	3.51969598397015	1.56613234119111	0.328176467331562
"883"	4.24414068042997	3.34408217038968	1.88481824789725	0.526958901283094
"884"	4.35033274695709	3.63477217575757	1.6261986030871	0.388696474198243
"885"	4.22506068292883	3.61429728747314	1.86859596870536	0.29204606089267
"886"	4.16794026111828	3.60674569652755	1.86526333941682	0.360050702937354
"887"	4.29212626082062	3.71440822600093	1.62516386390268	0.368301649275761
"888"	4.15479426063439	3.42599390897384	2.01724104649228	0.401970783899501
"889"	4.24131229244325	3.58551288009473	1.69903721321492	0.474137614247102
"890"	4.28014052002282	3.59791553173479	1.74965655357392	0.372287394668475
"891"	4.34233934579428	3.64835168818034	1.65104615406879	0.358262811956587
"892"	4.53843042485173	3.63702349448866	1.52871684232408	0.29582923833553
"893"	4.2465542925284	3.72370126574244	1.73363110082241	0.296113340906748
"894"	4.51398403086072	3.94115923503873	1.24998590452216	0.294870829578388
"895"	4.35895861417532	3.80463972296186	1.45696142032	0.379440242542816
"896"	4.04094408015367	3.45756110412027	2.13656124929855	0.364933566427506
"897"	4.41517136693123	3.53480368011024	1.68364458465729	0.366380368301248
"898"	4.26591614537038	3.68426345672874	1.738608956823	0.311211441077876
"899"	4.28366306581153	3.79905268568127	1.52615258258062	0.391131665926583
"900"	4.33881259550097	3.43872147120397	1.90014199646111	0.322323936833946
"901"	4.35863659770669	3.61088494626859	1.69572560054582	0.334752855478905
"902"	4.02495934967083	3.65653009495146	1.86206375674576	0.456446798631943
"903"	4.34821246911895	3.55058191879619	1.68391508267437	0.417290529410487
"904"	4.29814457599091	3.33945231016832	1.86991135648177	0.492491757358998
"905"	4.30914424080334	3.61907047713246	1.73191021876042	0.339875063303791
"906"	4.28412796260122	3.48161594496979	1.84183780283781	0.392418289591171
"907"	4.40237097716757	3.48405470369864	1.74727790217735	0.36629641695644
"908"	4.2756478194701	3.27178674398238	2.03090913219194	0.421656304355579
"909"	4.35543760001579	3.55674824885144	1.76910000135348	0.318714149779295
"910"	4.17975401974254	3.55777441807992	1.93812373336561	0.324347828811934
"911"	4.4840249561637	3.56988379186711	1.66419588041037	0.281895371558816
"912"	4.36311056321493	3.58399155565816	1.76863375139229	0.28426412973462
"913"	4.24235220305326	3.54395296630982	1.78346040578226	0.430234424854668
"914"	4.42705665062237	3.7686210178463	1.39719497020569	0.407127361325651
"915"	4.28668189967538	3.4869167318884	1.77288471001532	0.4535166584209
"916"	4.3368938436935	3.6591984525552	1.61921526800543	0.38469243574587
"917"	4.20667921802404	3.70725486226799	1.69080407294906	0.395261846758916
"918"	4.33460307396788	3.56344861110755	1.7712927054476	0.330655609476968
"919"	4.16335763957402	3.64520466568894	1.78382784162934	0.407609853107696
"920"	4.32857762527873	3.72793164817046	1.65370327043596	0.289787456114846
"921"	4.14065382182806	3.53922597557932	2.0333591533053	0.286761049287319
"922"	4.35759877820106	3.35857411682266	1.99812822159296	0.285698883383312
"923"	4.31021309848833	3.4605954317392	1.82195036535187	0.407241104420607
"924"	4.29150823394886	3.60627235693368	1.72763113157574	0.374588277541714
"925"	4.05080273119044	3.76838237738559	1.83444271962505	0.346372171798915
"926"	4.19734831470952	3.54587242476684	1.87949815456669	0.377281105956948
"927"	4.37465587013496	3.49266881571251	1.80544997669912	0.327225337453414
"928"	4.27286727160695	3.64140927973889	1.68724289394799	0.398480554706178
"929"	4.23310336681548	3.49367825268159	2.04970855093153	0.223509829571405
"930"	4.39907548486378	3.55882997147942	1.71500508152034	0.327089462136456
"931"	4.15560982683775	3.64767185531801	1.86556068035391	0.331157637490327
"932"	4.53066530043254	3.65364329094039	1.41474484439599	0.40094656423108
"933"	4.39722501081994	3.53163172346502	1.61440738338581	0.456735882329245
"934"	4.18837802988598	3.76822370633679	1.6705601642889	0.372838099488332
"935"	4.24265080060072	3.49620533142289	1.87592369563066	0.385220172345722
"936"	4.3975297190324	3.86365721392517	1.46210098648516	0.276712080557281
"937"	4.32945625098076	3.48112608551229	1.68475580214025	0.504661861366705
"938"	4.5076654229963	3.76787992115875	1.3631249755284	0.361329680316556
"939"	4.12647818786383	3.90724217667161	1.6098438746339	0.356435760830662
"940"	4.18905533868803	3.54131319829244	1.90720008413361	0.362431378885924
"941"	4.48671515805793	3.61491949361908	1.54557991981008	0.352785428512915
"942"	4.47461883632444	3.55803074889114	1.52180985818134	0.445540556603081
"943"	4.43652365287572	3.61578816226804	1.59789625255802	0.349791932298227
"944"	4.41048753325874	3.71413031834967	1.53864711479481	0.336735033596778
"945"	4.46682976115033	3.53473951949125	1.69666626112152	0.301764458236904
"946"	4.45052727760249	3.38486770606175	1.74276042424243	0.421844592093324
"947"	4.34838366475915	3.37867489589929	1.87277126647153	0.400170172870032
"948"	4.29921804312424	3.66854672265645	1.70729978829058	0.324935445928718
"949"	4.36475205577197	3.29537719254568	2.13869264871954	0.201178102962819
"950"	4.34120414716656	3.73346754027195	1.5663356127476	0.358992699813893
"951"	4.4578169727126	3.65363849964317	1.42613349722785	0.462411030416377
"952"	4.20916609102809	3.59464294529072	1.80559805033142	0.390592913349773
"953"	4.53919932961108	3.30202129571678	1.82288257066257	0.33589680400957
"954"	4.38059569674045	3.44356127977668	1.83273882331059	0.343104200172274
"955"	4.40007643692928	3.3752890398145	1.85566548666599	0.368969036590223
"956"	4.29695677610514	3.4603766993962	1.82946806259573	0.413198461902931
"957"	4.3724253729527	3.54051665496537	1.7264621014929	0.360595870589031
"958"	4.39169510890671	3.70064692393716	1.6290164625165	0.278641504639636
"959"	4.32704112399864	3.8616436157651	1.53223008412868	0.27908517610759
"960"	4.34481613183865	3.53543067258747	1.76147509317502	0.358278102398858
"961"	4.18192947545493	3.7032611977009	1.70174808058574	0.413061246258428
"962"	4.36126427983203	3.6801021963709	1.59560774116454	0.36302578263252
"963"	4.3546706163952	3.65064477761162	1.68350873784978	0.311175868143408
"964"	4.45858936504082	3.56757239990764	1.69419334942396	0.279644885627586
"965"	4.24756970630067	3.54654836711084	1.81237879333413	0.393503133254361
"966"	4.32816064277014	3.44949792961785	1.87395531466509	0.348386112946913
"967"	4.47816603056077	3.55257049947663	1.55853076580551	0.410732704157091
"968"	4.40803301356557	3.63902251607121	1.54747897439248	0.405465495970742
"969"	4.2558694506069	3.70645013242387	1.55588140757229	0.481799009396946
"970"	4.25144823799002	3.44853209337466	1.86426306583113	0.435756602804193
"971"	4.19935238141627	3.60067589897327	1.63831620336849	0.561655516241971
"972"	3.96563129461606	3.62242313925915	2.00511767557689	0.4068278905479
"973"	4.31044465670814	3.626938631343	1.69098328086752	0.371633431081339
"974"	4.26350922493234	3.55485246551383	1.85642701283032	0.325211296723515
"975"	4.38390413272997	3.58380378194066	1.71366552322738	0.318626562101994
"976"	4.11920987924164	3.50384714772381	2.08233361548526	0.29460935754929
"977"	4.32711709893205	3.71416685187137	1.64014333855984	0.31857271063673
"978"	4.22167097804429	3.50405526339099	1.71347351603208	0.560800242532636
"979"	4.47010038935124	3.71253551055448	1.58926140304497	0.228102697049311
"980"	4.32165545911219	3.37570198894064	1.85137970414562	0.451262847801563
"981"	4.37680407172067	3.5301580369032	1.68957885181782	0.403459039558314
"982"	4.44526234383205	3.47531238863289	1.80337195523642	0.276053312298654
"983"	4.26378334687941	3.52059672782043	1.55400180668493	0.661618118615239
"984"	4.39798118464264	3.62184202608285	1.52152571146454	0.458651077809969
"985"	4.38739748557391	3.5458283862335	1.69712429533457	0.369649832858024
"986"	4.420719698742	3.75623597903477	1.4367556721668	0.386288650056437
"987"	4.12769391417689	3.7344821759685	1.72962741491889	0.408196494935723
"988"	4.16928944928906	3.71480596793843	1.7369386032219	0.378965979550616
"989"	4.37654691272894	3.5132272865864	1.81193106989756	0.298294730787103
"990"	4.30771950261941	3.66505964632068	1.66985621381285	0.357364637247067
"991"	4.45537229580694	3.28520633162542	1.78415248090483	0.4752688916628
"992"	4.42699396245005	3.59266889816742	1.69712804615362	0.283209093228913
"993"	4.45466011100042	3.40284982728782	1.83139755123921	0.311092510472548
"994"	4.18872286639252	3.70378160531459	1.68296540046618	0.424530127826709
"995"	4.26815033894535	3.60500273933614	1.86192745825081	0.264919463467696
"996"	4.41549899130354	3.55750062825405	1.58836736056306	0.438633019879354
"997"	4.48778400879032	3.50747602399643	1.64946231392991	0.355277653283336
"998"	4.23134367566753	3.62972524677434	1.83302060166155	0.30591047589659
"999"	4.15659425148949	3.56983307936425	1.87164249134639	0.401930177799868
"1000"	4.36538108422506	3.5797703133648	1.75290350123348	0.301945101176648
