"X1"	"X2"	"X3"	"X4"
"1"	0.336910796624911	0.100069116748348	0.0725404129091909	0.0427173446910886
"2"	0.223414039455681	0.171967125597476	0.11012882814367	0.0721321907895783
"3"	0.105362006424302	0.0637125311509757	0.0409837887066321	0.0178072337763026
"4"	0.196635877082111	0.160083132920569	0.0958334136380723	0.0434510631016779
"5"	0.280599415014984	0.105584453436982	0.0896748775424495	0.0344082780748249
"6"	0.128226131019511	0.0476828729006738	0.0408465858067855	0.0234157227842443
"7"	0.212214734412392	0.0744590155149697	0.050030974168517	0.0269972800347048
"8"	0.350818209565949	0.219034806402156	0.0580306372504723	0.0423290713890553
"9"	0.371946129601749	0.167357848204512	0.0654206148606831	0.0283955487026534
"10"	0.210226387454486	0.101887627280225	0.096081428075361	0.0222320945413595
"11"	0.361247095117199	0.164187939973561	0.0977155867629133	0.0406813479474265
"12"	0.329646553509983	0.139458480903728	0.0653039382609695	0.0311462124777453
"13"	0.209712679176589	0.0963739453432459	0.0394270131584714	0.0371863847341431
"14"	0.218830346657096	0.0938266783979488	0.0616714495123738	0.0344138138913667
"15"	0.22368219365655	0.0872561847575644	0.0581537074971956	0.0320519252389547
"16"	0.300959727566003	0.10785982490016	0.0743650093994351	0.0492650922467219
"17"	0.235163370611968	0.0840386440745112	0.0613637387891498	0.0384848107833387
"18"	0.0812692864887229	0.0658603405965865	0.0585589723278164	0.0245156485182413
"19"	0.201903079262449	0.12575031295195	0.0990535033785101	0.0347302040065239
"20"	0.106565491377183	0.0804884283572248	0.0505696739995216	0.0367154941799686
"21"	0.180794739520943	0.103699674939964	0.0974392943516688	0.0653378483197253
"22"	0.23190125071018	0.186150092965763	0.0498915042089593	0.0434956625143679
"23"	0.190181108258722	0.126192427952241	0.0842124953618136	0.0422477237887002
"24"	0.205645765726678	0.174306042206075	0.0853145604985683	0.0495424371411153
"25"	0.373937333178912	0.157698860016502	0.101161963461381	0.0541478913071806
"26"	0.208227963079562	0.140023598603118	0.0676392133658068	0.0351090034727422
"27"	0.208477506292815	0.0816439974169529	0.0529260001607154	0.0202619118530406
"28"	0.215148712669141	0.0813456593709291	0.0591307431718792	0.0305429674011708
"29"	0.225465150897616	0.123530716607115	0.0571356673579903	0.0332991875740815
"30"	0.138568507034988	0.102316088697197	0.0365500155097344	0.0226921410714889
"31"	0.279930214239345	0.0827417678870476	0.0520531604209052	0.0347257675865026
"32"	0.178169440582576	0.104487448871282	0.0607672046054036	0.0356948700686726
"33"	0.56013625307842	0.104550248366811	0.0794753622006218	0.0362494364777201
"34"	0.312953739725347	0.165630565982678	0.0550745165476632	0.0418894842351917
"35"	0.315420057036358	0.137150959250011	0.0914914075474073	0.0576304802054989
"36"	0.252582351932152	0.11297327691208	0.0734820958417911	0.0395103027997891
"37"	0.135532800291119	0.126098423451532	0.0780976728382091	0.0316816852592296
"38"	0.369556107340209	0.0580205586907849	0.0353397343117309	0.0318373155923953
"39"	0.389909259645431	0.223231162120646	0.0728574556210073	0.0439691472850526
"40"	0.285787053029654	0.195337764743187	0.104416352147979	0.0468659145751998
"41"	0.491158259672494	0.176190601911241	0.0636883224364922	0.0361046088736909
"42"	0.548729099225159	0.102679028493939	0.0719060513329314	0.0355441587402081
"43"	0.22569980072683	0.157391045063983	0.0860808452181731	0.0539659616748985
"44"	0.44594914137659	0.122692817319296	0.0540909133135023	0.0313253078241802
"45"	0.372607096479791	0.126533677721789	0.0395180131242682	0.0350544324761181
"46"	0.282275838540958	0.0771952579899463	0.0505232407633295	0.0343996231897567
"47"	0.460356703465399	0.201989646404982	0.119616176833245	0.0511005953479926
"48"	0.256574734977367	0.10012401706408	0.0655477027316763	0.0503744439674877
"49"	0.239557562031276	0.119093664608235	0.0427803011346394	0.0328993820089921
"50"	0.194278413617698	0.149556710364859	0.0399611635217708	0.0386827055878021
"51"	0.0974623911743221	0.0806425674382817	0.0586304504286369	0.0408733998456512
"52"	0.211715719314789	0.113573990063166	0.0818350117657439	0.0343712713997968
"53"	0.173320498602225	0.0575654448282952	0.0300389513298076	0.0204916012966653
"54"	0.309039055800833	0.154418000566261	0.092187939642726	0.0527246501775334
"55"	0.275503428016537	0.0853383340835582	0.0652173254409648	0.0353925781087378
"56"	0.359975491505759	0.206928483486049	0.0963132614502536	0.0346103853478301
"57"	0.440103754716683	0.149171709614113	0.0525219758884444	0.0308525823916546
"58"	0.137409428305528	0.0994583465993153	0.0938681978501223	0.0390454681661641
"59"	0.426841348017546	0.239633553354786	0.0663362449244398	0.0493471243959948
"60"	0.342694625176513	0.173144077632553	0.0879188513767189	0.0428288897875463
"61"	0.136731028010273	0.0723790769606646	0.0329669188462559	0.0267997329108126
"62"	0.368102006079914	0.0470281334655305	0.0296465436483561	0.0280594312845972
"63"	0.25749731070381	0.130618767694608	0.0744772536202836	0.0621356758493686
"64"	0.188477133434101	0.0925318398660536	0.0766799405857293	0.0281732979443148
"65"	0.112102845348653	0.0967790905482461	0.0542979604709103	0.040789984263802
"66"	0.19615055234913	0.0648456341167802	0.0541892519891009	0.0430226244732588
"67"	0.120295528587073	0.0931255379983862	0.067695960604624	0.0307092016582274
"68"	0.189974560609677	0.0946127782404514	0.0687593884163851	0.0296740019530081
"69"	0.294004271767204	0.111068113456446	0.0985981322195933	0.056371861251721
"70"	0.43894618540717	0.112166229583486	0.0619635567675425	0.0328666313454104
"71"	0.325635722997814	0.126441164335041	0.0553765463905631	0.0209167757039874
"72"	0.28610529113622	0.145940934586648	0.0829571292990892	0.0623060192849838
"73"	0.194343650447224	0.142864848019559	0.0480745500422322	0.0314437299896282
"74"	0.216670518091197	0.0790072532659394	0.0406940518882948	0.0292094273221714
"75"	0.400718052038189	0.0880753660240279	0.0712748886623686	0.0281970329999304
"76"	0.130175907534936	0.0539053238554449	0.0440813302953618	0.0266240866126471
"77"	0.524964985580179	0.173733891317189	0.0387128829427173	0.0225637289652161
"78"	0.321909589796972	0.169282271575583	0.0969277953782577	0.018546151449721
"79"	0.256110947860853	0.138356160065444	0.0963103632670757	0.0650889026978312
"80"	0.32707110990716	0.216093405523761	0.0767337996616644	0.03579467025507
"81"	0.354254175514255	0.069805392893361	0.041474730660651	0.0330060433154787
"82"	0.262523813902112	0.165290829834269	0.0740426033819869	0.0502211847759512
"83"	0.240134652518779	0.132655721761352	0.0618393257510232	0.0413583229898522
"84"	0.268569612030081	0.0882143170221845	0.0504423850397845	0.0335386602825554
"85"	0.161382624980214	0.0846665429090132	0.0552987256866405	0.0278764065303142
"86"	0.156646658901224	0.11747513585339	0.0881632893826348	0.0459791624779118
"87"	0.191785047308833	0.118664918196179	0.0676688280639914	0.0438223643013855
"88"	0.175643159424243	0.0610030765757531	0.0365760840511395	0.0296005459261967
"89"	0.260471115553083	0.216597497351441	0.0978026019242386	0.0614584181474741
"90"	0.269526957665999	0.165455218756798	0.06531335901537	0.0536676752198323
"91"	0.119552222320014	0.0699738463610082	0.0338523388476032	0.0201907174492245
"92"	0.13821459480669	0.112224888353679	0.0433811372001537	0.0349353880426048
"93"	0.323179495036521	0.112447949768626	0.0735673512481747	0.0388697030940522
"94"	0.225375406799591	0.152674851633172	0.0848946237672615	0.0410290099412229
"95"	0.120537300904964	0.0655134829063276	0.0488336113946089	0.0453805153063912
"96"	0.385227540838527	0.0900128753563629	0.06275864972583	0.0415025632301419
"97"	0.298719637443339	0.191236876085009	0.0741475685088504	0.0316115487171337
"98"	0.449108978314282	0.0988167911502854	0.0566962526856034	0.0266887352098671
"99"	0.251697010491853	0.10535377123206	0.0568375125003835	0.0329481192739336
"100"	0.208158073317597	0.106618979522624	0.0973561075594519	0.0741752625609032
"101"	0.454324396986524	0.194853089329695	0.0763672757067206	0.047647143391897
"102"	0.206356541008707	0.119571952948642	0.0859858804530835	0.0434361892829041
"103"	0.190275946057953	0.116915736937026	0.0655908159613189	0.0279672983607414
"104"	0.486872021138357	0.200505875647654	0.0811926748700275	0.0608298816721479
"105"	0.284569951219331	0.13409186165962	0.0750174298280679	0.0623161223748073
"106"	0.1170596114423	0.0939079238338013	0.0502954723559279	0.0478719120680646
"107"	0.273537124379223	0.19296013139445	0.1023762744642	0.0645328663640743
"108"	0.374190600275791	0.0506125404190576	0.0315050076166451	0.0256465405870107
"109"	0.160863907668002	0.101308442291127	0.0554454780807867	0.0408162235622548
"110"	0.220074036980218	0.183470833828559	0.103369399622802	0.0472114281414315
"111"	0.227197298595018	0.0833953980463145	0.0397212785017442	0.0299491017558938
"112"	0.125644998413046	0.10516217995906	0.0564264623223564	0.0395424281774816
"113"	0.149562850044731	0.127059810407461	0.0526315025314986	0.0281270900100649
"114"	0.292009928592023	0.165924242862747	0.0729397789152891	0.0467706871261137
"115"	0.138430037869765	0.113307425385765	0.0558443538698859	0.0310451765445579
"116"	0.189066025931303	0.12026784719557	0.111553155653005	0.0296446754160893
"117"	0.228372699087144	0.172607380443493	0.0834041520403682	0.0397265331373656
"118"	0.223396607789494	0.0843720127716132	0.0526088708521361	0.0363766867996015
"119"	0.101857144158622	0.086887652686044	0.0336936136434902	0.0250551979061493
"120"	0.203790589574657	0.123952604793999	0.0491920798330681	0.0406140770448016
"121"	0.289897898346958	0.143528463389478	0.083563949704365	0.0349609457810328
"122"	0.168621459241329	0.120868658444781	0.0417871008364728	0.0280958856163515
"123"	0.150783151334555	0.0939091781133336	0.0791069612008586	0.0366821215421444
"124"	0.140414059293665	0.0613010797200334	0.050338507896424	0.0386210788000793
"125"	0.23105928438164	0.14119149460983	0.0444113392845803	0.0404276745838842
"126"	0.141410204881835	0.0856810087634657	0.0674004770986119	0.0449796098189712
"127"	0.318085340119905	0.145123345880949	0.0710423579935672	0.0330257245486595
"128"	0.503376652742664	0.101861005127224	0.0466973474885647	0.0233755086830033
"129"	0.197089095561278	0.0696911955943468	0.0404618036077733	0.0240839379196908
"130"	0.178720301117167	0.0981775043197411	0.0558748799365308	0.0331742473006977
"131"	0.188511750942311	0.1453586480745	0.0703363774030858	0.0443545197375048
"132"	0.19881226918923	0.0588432784903817	0.04928109899287	0.0370578857115292
"133"	0.247314004090769	0.150474675275099	0.0568655161462873	0.0278699371779066
"134"	0.260075684837406	0.110870569493855	0.0868090701383524	0.0703834423002762
"135"	0.346184199876661	0.257137925350749	0.0417549481551435	0.0236298693873944
"136"	0.367567403818551	0.151574114974142	0.0836357325334568	0.0489204275913971
"137"	0.246437931593648	0.149163867966377	0.0514028354545884	0.0238552938371296
"138"	0.199544309458844	0.122996926091735	0.103707575879551	0.0260203208625194
"139"	0.235248341806805	0.112558030489677	0.0781973374604222	0.0410622009459643
"140"	0.318971123861476	0.154844144290512	0.065109371710025	0.0375118982877464
"141"	0.225090892033367	0.18160941837849	0.0753648369911218	0.0386058704050281
"142"	0.322880469960614	0.197176452281516	0.0640671763091224	0.033038896107126
"143"	0.339913617875263	0.151160271552908	0.0550560417837848	0.0376147960608057
"144"	0.124951610756418	0.0820060321973306	0.0394830103655935	0.034065455925105
"145"	0.195973177454392	0.0860747249466678	0.0395061637571906	0.0290447987893404
"146"	0.307268634849414	0.134625946721143	0.0453198016100967	0.0327639613993036
"147"	0.354493592723115	0.260749956773138	0.084244588668787	0.0269649664443326
"148"	0.206382588585959	0.136308989018842	0.0767741909160051	0.0424666397592042
"149"	0.230898445106309	0.147115510563017	0.0616371789955054	0.0453723531106927
"150"	0.335104615512821	0.134546551470135	0.081426776056363	0.0618905220221274
"151"	0.550896485204241	0.180944735498508	0.0908000403675442	0.063818599128387
"152"	0.103815936779748	0.0668230931752432	0.0404692016896624	0.0251531607205676
"153"	0.217931233209588	0.123779520141179	0.0496325133201422	0.025051958265728
"154"	0.356415334543257	0.0657592311154029	0.0347648081050266	0.0219330399410295
"155"	0.483327464464683	0.161910628310098	0.0649652152593001	0.0469737278209453
"156"	0.209846559777727	0.0620926091975995	0.039140823737385	0.0256820927297451
"157"	0.20157306781411	0.115270998498034	0.0589903918484343	0.0333234381118252
"158"	0.475565707666509	0.142379253532791	0.106239503530809	0.0634316171879362
"159"	0.2632768264771	0.187820369968139	0.0837392536783342	0.0342890701655309
"160"	0.214069793113927	0.17010406199569	0.126909416505676	0.0539109323829574
"161"	0.200859462648659	0.114592756464546	0.0338862935601786	0.0299050201158565
"162"	0.27194773996211	0.0956816285672788	0.0530307170159049	0.0398222976679993
"163"	0.128739284175965	0.0925462157633721	0.0381402333838564	0.0225352760918457
"164"	0.220211046693428	0.196663226583091	0.059782139299698	0.0307879779700547
"165"	0.237658831457741	0.137985982200505	0.0699719639588422	0.0517262502679805
"166"	0.174642680927824	0.0977368795215797	0.0502471126185115	0.0339911921372664
"167"	0.492936972792483	0.215377563021042	0.109906277434267	0.0533031763303726
"168"	0.563806518650158	0.138236779890745	0.0856590127866795	0.0577677158363198
"169"	0.208365291935251	0.14575821089958	0.0678704164861742	0.0407794451252667
"170"	0.291583002390522	0.191110013540057	0.0758303793475447	0.0425473573887729
"171"	0.210194908483246	0.11885471442856	0.0661948103096375	0.0321129120657787
"172"	0.283583663861606	0.194671203355527	0.0908031229664274	0.0376137285610376
"173"	0.328246845802204	0.126343278562387	0.0569998362215835	0.0268317731513073
"174"	0.193996578794357	0.112014381242094	0.0797946196212772	0.0476038622327121
"175"	0.458494366527229	0.128625977236595	0.0435658593073241	0.0382417923514761
"176"	0.153573032662528	0.105064685639239	0.0544528472861661	0.026179136110405
"177"	0.142135948130992	0.0873692029918591	0.0670854834291245	0.029908269254192
"178"	0.316427096869344	0.125096154067299	0.0732451000303478	0.0382837768748455
"179"	0.204599497044147	0.118654578357729	0.112271484476094	0.0337222242920214
"180"	0.314732490701912	0.190872118691806	0.104491062408372	0.0538891088829456
"181"	0.359291403701779	0.116836331975355	0.0441201333784567	0.0306470325711043
"182"	0.125247759784832	0.114948568965907	0.0663716465769084	0.0449963562908062
"183"	0.306104506177899	0.107974254328192	0.0781778707540184	0.0595195296849981
"184"	0.291867780146846	0.168635825135788	0.0662905705479215	0.032266594903181
"185"	0.427904505620678	0.139150985776733	0.0679683734862431	0.049100508531905
"186"	0.303265235682945	0.0845083943763287	0.0501508450114587	0.032299906433479
"187"	0.220838648895596	0.114118293332482	0.0597112147549319	0.0257122550666429
"188"	0.180836144672909	0.10990605314663	0.0396654182731352	0.0215083119879715
"189"	0.386939980102638	0.197617752056976	0.105435593205053	0.04810418049424
"190"	0.218997146119802	0.196097739896288	0.102668375518836	0.0355667950830714
"191"	0.42390777290297	0.252135298449523	0.098759879454388	0.0723943409405031
"192"	0.190448530168681	0.0441115752046351	0.0348849626105833	0.0247036486852235
"193"	0.333249558038153	0.0968564406227205	0.0893437953703311	0.0287762685293614
"194"	0.310783764533366	0.195615953504276	0.082563974234145	0.0278481205686598
"195"	0.134219873234757	0.115139083759477	0.0544624402106606	0.0293764497338805
"196"	0.214054474094432	0.0971947859859308	0.0701850300858407	0.050197275834121
"197"	0.226333321744363	0.141671970094861	0.0884938393457422	0.0656701833258447
"198"	0.120665931666683	0.0733282726077376	0.0513532523191854	0.0270331752555808
"199"	0.406451661073978	0.162507489328926	0.0496897283614219	0.0332493396813123
"200"	0.326185090821544	0.178932976755683	0.0624547954323569	0.0389957745772863
"201"	0.329858638037186	0.121107225872387	0.0375705929109041	0.0292277352783671
"202"	0.582286844033534	0.20525682661607	0.0886906416693718	0.032039144886259
"203"	0.453455244503009	0.0821235354213251	0.053502411099402	0.0324659623598447
"204"	0.658962896850543	0.0672310351245502	0.0384976770621321	0.0311503594943566
"205"	0.26478282456087	0.153516436102414	0.111341958608525	0.0411562278657049
"206"	0.16134118957012	0.0497900893447782	0.0395822920613937	0.0204148005575773
"207"	0.215608202427408	0.154913920566065	0.0602618262736272	0.0434947714391822
"208"	0.389449233850566	0.209357343010395	0.113678111614247	0.0369045646383475
"209"	0.205126811451659	0.110889939979972	0.0553154791418337	0.0391287092402521
"210"	0.203402610628916	0.0744923522172088	0.0579554734766556	0.0306738872366991
"211"	0.117759466171839	0.0752118068615327	0.0406562369726513	0.0220919464267791
"212"	0.212389910630005	0.106473332527938	0.0893433294788096	0.0533326587399346
"213"	0.12186667553176	0.0875145484339011	0.068618017587061	0.0247448525776967
"214"	0.240748735024019	0.108610242605904	0.0706145596901877	0.0308445799286388
"215"	0.365897423805046	0.107202787831966	0.0791195483025545	0.0604513255144697
"216"	0.18738134913909	0.0745013240391326	0.0619238988380546	0.0448702477616932
"217"	0.21430965774045	0.118114856117132	0.0471373612825117	0.0282539940476973
"218"	0.239557691086781	0.0966642004242942	0.0790810470990176	0.05168377117211
"219"	0.207645302775927	0.119185934638137	0.0550315665454038	0.0330648265079347
"220"	0.285406552712551	0.146813025399358	0.116624690017867	0.0242973829539226
"221"	0.252087744405457	0.127424145385343	0.028438180011782	0.0265371057848897
"222"	0.340655085895657	0.14577821298472	0.0826662716390185	0.0432599212682023
"223"	0.292519873371359	0.176980378350842	0.150888667160148	0.0978463080335833
"224"	0.186210459709601	0.112894362312545	0.0583338519321039	0.0502541486778814
"225"	0.284823283848163	0.115583530592405	0.0749078695666625	0.0370098162346968
"226"	0.138443521308128	0.109767759380874	0.0754315501806209	0.0410807736200546
"227"	0.18576780418006	0.134376312572022	0.0490917627443581	0.0310768044672559
"228"	0.288461286772652	0.225933215175375	0.0856603422279785	0.0544817095961813
"229"	0.21474101559939	0.205422773840273	0.0579503303235257	0.0379872120837563
"230"	0.164353926187809	0.0812774831549646	0.044706118029888	0.0327537247762081
"231"	0.20006356055458	0.129228648844238	0.0628599263189452	0.0355226176294254
"232"	0.271261635697492	0.177947470193028	0.0416235412570644	0.0351397261259238
"233"	0.344008928914614	0.0907130826035383	0.0609087150602953	0.0461007176006459
"234"	0.100109329455122	0.0918366958094982	0.0467007307733569	0.0316299297880796
"235"	0.304309170456069	0.134945774498678	0.0992120917982632	0.0355487833730134
"236"	0.228167216575576	0.0983613714889251	0.0307332239835215	0.0211151165104961
"237"	0.179282307465732	0.114424601160386	0.0600819757929346	0.0414618314057328
"238"	0.113826600859134	0.0728277310186906	0.0586120562756229	0.0555605663173867
"239"	0.188490145585831	0.144301410312037	0.0482274456077121	0.0213467424052486
"240"	0.13737809579166	0.0929113785920493	0.0798641351756084	0.0259435140220229
"241"	0.312761358504798	0.219205212360708	0.0411490443348455	0.0277169885200508
"242"	0.20650630723403	0.150503236063615	0.075449532562974	0.0678170923146437
"243"	0.316779273871111	0.0596498593227267	0.0319210946319002	0.0221820073126011
"244"	0.241714245213441	0.108776736826262	0.0583463489663255	0.0303112624269259
"245"	0.726743072513582	0.100443150734046	0.080145151411302	0.027728176617581
"246"	0.297590939626631	0.141410912084086	0.0312228892214657	0.026463865642273
"247"	0.245217537551362	0.174406382148476	0.140092155571854	0.103618348952314
"248"	0.435459278377121	0.126786802030571	0.0646830108989267	0.035991254497856
"249"	0.185033378255586	0.131256968873601	0.0759749264571996	0.0395316120393928
"250"	0.146788042388207	0.111278222350116	0.0519794349942712	0.0416562276327892
"251"	0.305444511010011	0.147861220920465	0.0436787768403806	0.0331930254503491
"252"	0.332572108129917	0.228473852558123	0.0547983903628499	0.0397629430206163
"253"	0.165635904365809	0.0722211874866135	0.0621873696154336	0.0515313299776068
"254"	0.323055564642834	0.119843564022223	0.0750639477449313	0.0329944078231895
"255"	0.15604792521506	0.0737869551731625	0.054844560600383	0.0385756452632579
"256"	0.150263479163266	0.101420286782042	0.0680893459610358	0.0336227213428071
"257"	0.178476381956306	0.109328923439658	0.0823225638919725	0.0480803899039704
"258"	0.102207989778089	0.0603596325977587	0.0439849904041802	0.03574524443434
"259"	0.36617796206271	0.120534827058396	0.0574064772153206	0.0476558065236817
"260"	0.156905375533841	0.0830390717856458	0.0498487611694509	0.0286901305320061
"261"	0.155866786654094	0.119268854178924	0.0661786035091208	0.054755018860509
"262"	0.14966890938327	0.0925257450850006	0.0742299477401651	0.0458534184756846
"263"	0.41238266254696	0.151078746023052	0.0691301447907205	0.0400628332228777
"264"	0.220482426515517	0.138388418760428	0.0656069800739685	0.0335383716452329
"265"	0.226230647778938	0.0919703072610348	0.0723556233886216	0.0383114226605352
"266"	0.163697190859163	0.0684209117551307	0.0295063631735782	0.023807214196391
"267"	0.258980848824346	0.105807912215598	0.088131119001968	0.0243355120923988
"268"	0.377897502221767	0.104626393634572	0.0543384395152359	0.0360103226077027
"269"	0.297145977538178	0.169104855548401	0.0660457972663931	0.0432880208733311
"270"	0.254019646289933	0.12686055220488	0.0684748318260359	0.0385179184524085
"271"	0.181225849372551	0.0783254741499618	0.0614072304822591	0.0424748092345313
"272"	0.203850991173819	0.163641677869576	0.0627711356769321	0.0303220712103352
"273"	0.256644988677824	0.115103254955289	0.0821560690641198	0.0594272481138862
"274"	0.381697111961741	0.123546264386886	0.0737759665182642	0.0356104124585862
"275"	0.463210662776489	0.235262093472786	0.155370553987438	0.0748744264539724
"276"	0.339807971713016	0.200750354609006	0.0603528012947567	0.0282604397768242
"277"	0.222262789226901	0.123053685260552	0.095342787673458	0.0547604636960394
"278"	0.148304942933028	0.120025345513935	0.0622453000752314	0.0393814995351247
"279"	0.211006460326492	0.0926758037554151	0.056165622742471	0.0336204255992539
"280"	0.323247246405448	0.210964605175272	0.0464220119130271	0.0235740289924215
"281"	0.32668832620861	0.108715542379257	0.0967304105075842	0.0367878617567515
"282"	0.192206635091638	0.0812200547641759	0.0616445533645565	0.0307582560637095
"283"	0.158383286045352	0.136712531794212	0.0527900443217975	0.0478316754566805
"284"	0.30539767706965	0.197477636048265	0.15008123250451	0.0354202488863268
"285"	0.284244030919363	0.196149423625318	0.115393085939715	0.0413512956939259
"286"	0.271431237953441	0.175167214805988	0.108287135325448	0.0295677774799842
"287"	0.196963475869952	0.0618202637143319	0.0445152428985492	0.0310510300089369
"288"	0.178481165501941	0.103289573363803	0.0850726826550007	0.0530633270976244
"289"	0.272301836733614	0.182462064243728	0.0884667024334051	0.0706738559468917
"290"	0.358214510939259	0.189565933788904	0.139154419596353	0.0337031258675242
"291"	0.267033683371416	0.0895338292482346	0.0448470989470214	0.0350290846488416
"292"	0.209328423319345	0.0749613316215185	0.0527766543660188	0.0392483307210595
"293"	0.357996016428523	0.132882542464819	0.0496065198487839	0.0374425514276019
"294"	0.256622585555031	0.104033699799093	0.0624671181844351	0.0372040718403801
"295"	0.309992413451914	0.110382831680625	0.0540172241640916	0.0330249531983177
"296"	0.357827706484899	0.0691358735851068	0.0486720939721325	0.0280293033975075
"297"	0.126502168332344	0.107443639980459	0.058329777685088	0.0352226560067586
"298"	0.217285103609253	0.126585568459953	0.0594768577004824	0.0301814621575035
"299"	0.35888743801892	0.204303645077112	0.107454130882716	0.0357719927530758
"300"	0.232772522768353	0.170845414943024	0.121137121105437	0.0319553626041623
"301"	0.209680305436548	0.103733801333806	0.0661850903477873	0.0301918807703717
"302"	0.286727253255624	0.166676692756146	0.0713822464698927	0.0484341910208962
"303"	0.903507906243976	0.103391650316346	0.0485928951794434	0.0404081894312844
"304"	0.214109790857145	0.108843047221322	0.0435630673467639	0.0297264341451235
"305"	0.217532838882965	0.0851347102729493	0.0578238629865978	0.0392316146256212
"306"	0.380930139886778	0.147924136069656	0.109898150623524	0.0377121492096691
"307"	0.231520367764091	0.180410771267921	0.0687881944982437	0.0347038957072031
"308"	0.355898326722144	0.178789874985212	0.111209446481953	0.0396019555272065
"309"	0.284129298509541	0.208456343887241	0.0649581575484224	0.0351460456329009
"310"	0.224317927949003	0.107344919446607	0.0420021100745472	0.0213600410178197
"311"	0.352767735459359	0.15222508787447	0.0406505450101977	0.02342940169584
"312"	0.165685753117533	0.132483426474928	0.0574442163992867	0.0391151336353279
"313"	0.159524914642716	0.0958247532268009	0.0514394145490447	0.0261682669075413
"314"	0.18494374296139	0.129633742287378	0.115178708437096	0.0527662905896634
"315"	0.187427201181759	0.0784063456820873	0.0411319935478699	0.0291213532739357
"316"	0.124990920224951	0.0666498443521768	0.0503782954721174	0.0238863076664667
"317"	0.345074118435089	0.178038437333665	0.14743530926715	0.037102868139236
"318"	0.147152786295818	0.100092104236219	0.0814983435893106	0.0328106197411439
"319"	0.306016860334427	0.202641007361604	0.142020530981851	0.0468317762221765
"320"	0.143163579955674	0.0971350123767984	0.0727761459559407	0.055799629948526
"321"	0.27127007062481	0.177661806279997	0.0559511742841629	0.0445979749049954
"322"	0.244690348846334	0.169531156001448	0.111711798489317	0.0637506697603859
"323"	0.479147919590825	0.180763152794312	0.0654817385827817	0.0326061790393934
"324"	0.174354654629811	0.0914707915294195	0.0678670141212612	0.0497281477556325
"325"	0.220686140882147	0.114342753150101	0.052781852832091	0.0354713807639153
"326"	0.151882892671799	0.11023910248921	0.0518059137336401	0.0310605561090947
"327"	0.290575975576696	0.0998535323189496	0.0496527943983124	0.0256999075584754
"328"	0.629814220063664	0.316949167576739	0.065305873354985	0.0465818531112036
"329"	0.226153712182284	0.183789990128796	0.0749949862936299	0.0428547858798635
"330"	0.312103378500473	0.132246720479774	0.0876310026678654	0.0604354363554316
"331"	0.228643344344725	0.0784851753361616	0.0440695741265364	0.0261354072120174
"332"	0.243660973475589	0.160348580493118	0.0856222214444736	0.0514873528711553
"333"	0.291204140902728	0.199634605246862	0.154489175509676	0.0333111485111168
"334"	0.165226344010953	0.134646908334442	0.0703250842587539	0.0474056643861089
"335"	0.161477772758179	0.0772223425004854	0.0715280566323727	0.0434343900297466
"336"	0.24261877397022	0.151982804014195	0.0721423553005343	0.0522920886797953
"337"	0.176951873613395	0.0908242585179314	0.0461185490604486	0.0322531966316912
"338"	0.193046617127463	0.0995150617373292	0.0350004290300046	0.0266827756442979
"339"	0.344223354107331	0.0799544595151518	0.0720158489934754	0.0504318586664027
"340"	0.224537171963657	0.0964831473624188	0.0655544767921726	0.0339074821457748
"341"	0.177281225074011	0.105202207576759	0.0255410244688481	0.0239882103113059
"342"	0.225501016977951	0.124775072592658	0.0817944223978191	0.0397119543436071
"343"	0.267925052515375	0.123641607875652	0.057172301153347	0.0259645329621114
"344"	0.238890691577512	0.147347748113475	0.0931820228154215	0.0581522229770371
"345"	0.160103983863147	0.0679023749827082	0.052401338979082	0.0486570076937264
"346"	0.291910811571801	0.0883443002812628	0.0610339488290105	0.0319174133370473
"347"	0.417087011802973	0.163533841888578	0.0961226062794945	0.0411642650010638
"348"	0.268335874906892	0.159208319342406	0.103603779885805	0.0619818205519464
"349"	0.168276641677386	0.0575643376092488	0.0542236589900304	0.0223194477153898
"350"	0.315668961923843	0.16384613326175	0.0522633418338551	0.0290613539689343
"351"	0.401177583820241	0.10556219643238	0.097608520985726	0.0537959831132073
"352"	0.438351173949072	0.0857972026146947	0.0688299468099053	0.0297658343314038
"353"	0.176566830891038	0.141484425161479	0.0889095774138418	0.0694802807610051
"354"	0.178791695855486	0.0999546206436056	0.0630379601138229	0.0572640319244191
"355"	0.249711127287718	0.151540914118822	0.0825084850243706	0.0499869909481237
"356"	0.234888970980518	0.177042970481119	0.0930890087025339	0.0441090574156487
"357"	0.156507811005186	0.0956209672829418	0.0773227446259338	0.0359946786483366
"358"	0.590533674121501	0.188347540880643	0.125998592482242	0.0736350201191971
"359"	0.18302761665604	0.111067608888985	0.0773654154435382	0.0349226886131825
"360"	0.136247717073485	0.0521736197679857	0.0354693590149085	0.0244446743329694
"361"	0.111255502746466	0.0564523505139346	0.0337693415417268	0.0224823682594098
"362"	0.256494244293078	0.133110984484239	0.052122015997377	0.0355717165510528
"363"	0.110237560136752	0.055717237409382	0.0361546951460052	0.0306856394512275
"364"	0.30873934128267	0.112215473262955	0.0918161393597091	0.0499375455875558
"365"	0.614167927284062	0.168215905895841	0.124415136277345	0.0485775537642553
"366"	0.25034525719995	0.0740599632222274	0.0336374380172013	0.0302241321294991
"367"	0.16725652228949	0.109092464009632	0.0629600549966685	0.042899773900125
"368"	0.47338376996173	0.144008037953633	0.0757050686356152	0.0606049963190246
"369"	0.106796194855884	0.0935942220827097	0.0660960870110462	0.0380037670745432
"370"	0.148937144175082	0.134357593861017	0.0662536355147792	0.062179733579428
"371"	0.346194875832189	0.227215742087984	0.111688717966542	0.0652865976557667
"372"	0.329366308410941	0.0934912458756618	0.0630825952559206	0.0394889472621565
"373"	0.244950839779459	0.153345504629823	0.0859649144388449	0.0355390834811239
"374"	0.255181082995677	0.176962913487177	0.0986920741300189	0.053148670138368
"375"	0.449833680038192	0.156661567881895	0.0761621124121511	0.0393067681083743
"376"	0.094051872223133	0.0488090115571665	0.036746261624239	0.0258752608253578
"377"	0.484507333438746	0.0774395647858149	0.0721477065267885	0.0250808560512866
"378"	0.236088741669799	0.1404857461216	0.0730655456040675	0.0354101508085007
"379"	0.252377413733985	0.0985250962708223	0.0911257618755678	0.0462075510322264
"380"	0.140582302047486	0.138197269122963	0.0652628029004717	0.0379361901148162
"381"	0.293072866879507	0.174566259488177	0.114688591710231	0.0521738941349958
"382"	0.248656829738321	0.10420323920677	0.051981167672078	0.030987003859835
"383"	0.209410936721198	0.160567901541863	0.0741524470187687	0.0367687905085357
"384"	0.13815435995015	0.114551066624525	0.0723819192472231	0.0190144301310916
"385"	0.261257835092066	0.104905938691114	0.07448549247204	0.0670281283992747
"386"	0.141416305872613	0.111133980088962	0.0494053953116804	0.0268515511755705
"387"	0.226595824036715	0.167567013281116	0.0488113896386133	0.0290143548632971
"388"	0.349648295154844	0.116456181987472	0.0788647629737757	0.0444900952398193
"389"	0.362505316822292	0.0979673232937831	0.0708567898699534	0.0408564064519755
"390"	0.233766076927143	0.101464091345794	0.0642619750268801	0.0284786127112888
"391"	0.198673804112403	0.0542117811357992	0.0467927888243167	0.0198790459202547
"392"	0.194754990724764	0.119837130098359	0.052822859956813	0.029786974462019
"393"	0.251849200149344	0.143012949321931	0.081051652551825	0.0608032028181983
"394"	0.23499061534922	0.126123839858674	0.0693604797729789	0.0516409115611329
"395"	0.178869270591997	0.0819131452791156	0.0486038548584713	0.0381801333499664
"396"	0.153383150558883	0.09757642641297	0.0658960693330715	0.0479828088195791
"397"	0.250180808260521	0.174508473361067	0.0652367730759129	0.0443859701956595
"398"	0.549846367514743	0.166506112274633	0.0913222798279312	0.0652053096481607
"399"	0.221147632136911	0.0826686422415015	0.0451272729190434	0.0340368766857171
"400"	0.327450620474992	0.171393224045214	0.0381200715772706	0.02581135669271
"401"	0.24006093023065	0.160446006717413	0.0538925135789849	0.0374056359934611
"402"	0.320930203684804	0.125960998068844	0.064085733820771	0.0285387122470779
"403"	0.151713683678795	0.0862642303962699	0.0542118832297065	0.0451038926303562
"404"	0.376180725783423	0.166993633776265	0.103124165193416	0.0429893076446156
"405"	0.169111017614625	0.100165424760951	0.0871283900191948	0.0572602854746544
"406"	0.163409930656866	0.0596174519011087	0.0389779596649475	0.0260756015424696
"407"	0.179523787458643	0.109282478819391	0.0621993234196615	0.0285489001549877
"408"	0.308559999570324	0.196046715024716	0.100540088016904	0.0738592078900971
"409"	0.17821844276345	0.14097791225996	0.0543310369218295	0.0298968009593576
"410"	0.273416469614716	0.10752025325895	0.0443021937789359	0.031890007617068
"411"	0.320597047800324	0.101408311448524	0.0623121470215828	0.0446029313695418
"412"	0.102502071055625	0.0772976154599317	0.0591879766663769	0.0420028306493756
"413"	0.177274476477627	0.0755124512704746	0.0596950648450866	0.0193365419568032
"414"	0.288668259001975	0.176068892507557	0.0792492357244341	0.0629741556558521
"415"	0.0865745646694997	0.065300000507274	0.0285736932245393	0.0193122038153299
"416"	0.149085599839456	0.0968008770489497	0.0729934825416923	0.0273061788562408
"417"	0.218347388084369	0.146673242218587	0.0739552069271854	0.0348953126228659
"418"	0.156731593371837	0.0784065078851364	0.0464194980866071	0.0369263543004461
"419"	0.129156862851018	0.0940121801899647	0.0533515083489511	0.0392804730613624
"420"	0.113804685996281	0.0788640408112503	0.0671528348393822	0.0476112199193194
"421"	0.334198114455604	0.206361709298864	0.0632605173853972	0.0517139509909754
"422"	0.373984039059162	0.115275623197058	0.0802787300460924	0.0430481538204371
"423"	0.281990308256568	0.132613204242747	0.0897708908731046	0.0236891151061429
"424"	0.274381591151624	0.143343527620466	0.0709667251757235	0.0496571628509732
"425"	0.382201615956932	0.244337394005234	0.10306270171515	0.0384022222559129
"426"	0.213357093287368	0.124236899697774	0.0385048006426824	0.0269846841108462
"427"	0.142102914364555	0.0882957545871828	0.057255514379417	0.0219652990614771
"428"	0.358725303690614	0.0760713319724495	0.0454990609238001	0.0336965960094857
"429"	0.298235471244563	0.0906106236165301	0.0810461155134573	0.0363083666413447
"430"	0.263858422914246	0.158161553484196	0.103925857957674	0.0425168130886463
"431"	0.217085978974797	0.105180016247933	0.0744338407867968	0.0576749407219273
"432"	0.246219052023876	0.0983813294396945	0.049910260166644	0.0337271000015069
"433"	0.144841901379832	0.12164033703483	0.064789933264897	0.0286087845398972
"434"	0.285939304315685	0.148939672104474	0.0526213562261621	0.0245342325060438
"435"	0.193490805881906	0.146091340305119	0.0705671495245588	0.040783370219287
"436"	0.138356007177511	0.0874797449903269	0.0322668520812684	0.0239481082912927
"437"	0.158818214689621	0.073169449575787	0.0512795211420654	0.0348046239907606
"438"	0.259988850523607	0.0884562059980877	0.0504362890885785	0.0428859266404088
"439"	0.431649732609439	0.232168493855351	0.117265633781886	0.0414120318777978
"440"	0.406630197643801	0.0915080817140161	0.0658131202936298	0.0319670806874777
"441"	0.212138277685434	0.0829823604278414	0.0721599122222676	0.0488429176211202
"442"	0.166390417972637	0.0792717645756446	0.0628485695491408	0.0434475000055743
"443"	0.195448449389915	0.137034127283701	0.0788489514423232	0.0409172109196675
"444"	0.205693778636677	0.0733477868482312	0.0362469601554384	0.0294338961065644
"445"	0.249077112013344	0.151367604079482	0.0768825537766761	0.0491359619453213
"446"	0.225264316292478	0.0670740377721342	0.04090184258116	0.0211184698272678
"447"	0.332719707581415	0.130633215337213	0.0518718739781599	0.0326161702026259
"448"	0.161453602572508	0.125398752780465	0.105900944906683	0.0509682632987803
"449"	0.215163574508944	0.0882016131275591	0.0568524105979884	0.0219795186792136
"450"	0.239521000628938	0.198919158099978	0.0774857709835843	0.0420903111957427
"451"	0.225838294409131	0.155293726995839	0.0940008288380232	0.0467728620520352
"452"	0.146879218369837	0.0769362903081606	0.0715928830283574	0.0239008844710723
"453"	0.382780376954447	0.117965012762084	0.065478488430085	0.0247109706272771
"454"	0.171470376559856	0.121201818421214	0.0349818042348051	0.0228853271221201
"455"	0.258498579813747	0.0961983977737069	0.064111114308883	0.031541410594265
"456"	0.198864953867429	0.0874315657204547	0.068753497965518	0.0340189841135345
"457"	0.427823271405489	0.320635713395417	0.0449462141689598	0.0322734344251846
"458"	0.358419769335067	0.27159973113987	0.0670759888581029	0.0462660282737585
"459"	0.169800197694219	0.0930799096391749	0.0616242228953812	0.0399219999427095
"460"	0.190555549447707	0.098266692528625	0.0410577118735049	0.0275493068676697
"461"	0.352801514645029	0.21095672848836	0.104354624540606	0.0481541647839394
"462"	0.329737246182207	0.209105977957478	0.0661296916357161	0.0308124691895123
"463"	0.226379773101667	0.172213239775024	0.0917080008395152	0.0731075880438832
"464"	0.127507930871692	0.0881237669328978	0.0656570347299596	0.0230511766330078
"465"	0.181042640048089	0.104465891095551	0.0831119709399135	0.0378136755023895
"466"	0.162990530741703	0.0771877803305464	0.0627380172734639	0.0295628861473344
"467"	0.219778930068689	0.116652108019561	0.0765143242234456	0.0393168678115049
"468"	0.423355141152677	0.0948301252779835	0.0630455520240135	0.027402780683984
"469"	0.163851586227784	0.119342997920933	0.0378787011889173	0.0339359686878772
"470"	0.416176516225143	0.201766355518822	0.0644640365468158	0.0427612920773853
"471"	0.144525036438098	0.10924795379542	0.0859480702398701	0.0477888723349629
"472"	0.197724364417811	0.166820176356112	0.103364918888761	0.02474573215469
"473"	0.418167927614513	0.155815498505761	0.117721410343548	0.0345465453256311
"474"	0.336788836981173	0.172227786105038	0.148796431877003	0.0529720760232154
"475"	0.242605091799015	0.162801230864484	0.0659981700975898	0.0367324467577148
"476"	0.123511120551967	0.0911151783724966	0.0631016858826392	0.0403093858566591
"477"	0.254706964711127	0.0943085943260786	0.0591157081277031	0.0406267799396443
"478"	0.123859393969474	0.0943233470114405	0.0479913135631426	0.0297800268835853
"479"	0.158681679339039	0.120932929478572	0.0532282762608398	0.0400025160842727
"480"	0.247646456024801	0.170316459762858	0.0743929117368646	0.0402661958116609
"481"	0.18562145759269	0.113028916435319	0.0282648981199629	0.0243354943481598
"482"	0.181856717607507	0.103232306118252	0.0611387530611811	0.0423415445430067
"483"	0.171554815563931	0.103255056576514	0.0428887986611163	0.032497175795361
"484"	0.286789504345685	0.119835760019169	0.0733699583214564	0.0401387764145078
"485"	0.135287271974574	0.0872038411051331	0.0382987520457423	0.0257753526071741
"486"	0.200232982643425	0.109419889166713	0.0622790426128479	0.054052015898858
"487"	0.184737489514516	0.127826724104145	0.0754476714104051	0.0310172764859719
"488"	0.235667625813546	0.144076482233893	0.0477223367666288	0.0423309733113502
"489"	0.245504165543919	0.0921956283702323	0.0566440486871886	0.0338202104582712
"490"	0.226196694031978	0.104015582167351	0.07763094569994	0.0396618335251052
"491"	0.213969565596934	0.129800350029976	0.0738702797497913	0.0281645152441662
"492"	0.237553315625575	0.105382092231416	0.0539933947685287	0.0400320393548169
"493"	0.165410990582563	0.134189150610191	0.0783698645044815	0.032080129003782
"494"	0.265985686006351	0.115402585392149	0.0790021123228571	0.0506857602021885
"495"	0.179392270077624	0.129931394020229	0.0615927314182745	0.049731400816555
"496"	0.205737198319938	0.0900750845899135	0.0545281402658935	0.0273645789903141
"497"	0.42899848454702	0.246499194107936	0.149165385761877	0.0511047793344195
"498"	0.233308198735042	0.091931351134929	0.0741523247274755	0.042249870919041
"499"	0.250565378590751	0.177206267490615	0.0690861786729349	0.0290822723224619
"500"	0.318831678179908	0.214598308636946	0.080696163991101	0.0651968850667685
"501"	0.181535874383589	0.101961887955633	0.0835032814302495	0.0770729295332934
"502"	0.259043387910857	0.124948943225396	0.0584249800948253	0.0387898611997669
"503"	0.157456675031125	0.0764761989989463	0.0540824701766107	0.0320992807124771
"504"	0.283127232568083	0.0919349496054213	0.0633721427304779	0.0436530431821067
"505"	0.243748653394258	0.195732033157737	0.0960519889625182	0.0534049430440062
"506"	0.202129604246102	0.0891763223832262	0.0803548114617752	0.0413810927665731
"507"	0.296892187802418	0.158909610898093	0.12930589898127	0.0608293202563596
"508"	0.0706928853334575	0.0618729411095597	0.0530064160432798	0.0475413580346397
"509"	0.284107237548815	0.110536598430664	0.0681054462922295	0.0323411964261631
"510"	0.18880722956299	0.093303451892508	0.0756669703596834	0.0600065892796068
"511"	0.329761477889827	0.131924241896857	0.0507740462058733	0.042555360892195
"512"	0.177154559336328	0.114368726708624	0.0506529738437803	0.0459437364057479
"513"	0.314319829860503	0.19770570301604	0.0830472340192783	0.044445541478885
"514"	0.206495302048796	0.125358584148777	0.0285180389198777	0.0202876626261264
"515"	0.302278891929901	0.151473204183412	0.0622615570435814	0.0362871547824836
"516"	0.103992163228112	0.0874855777331427	0.0703172859511289	0.0444602977630107
"517"	0.212447999203281	0.0800475573416438	0.0303981671198497	0.025606264256172
"518"	0.350532843410316	0.17915919847383	0.0589241212276895	0.0445283541272874
"519"	0.160289016152046	0.0798442585658526	0.0510323286680957	0.0269393468611802
"520"	0.112660091054204	0.0512640127094475	0.0395216664398248	0.0201752067376997
"521"	0.120191286157204	0.073561809225768	0.024849002204123	0.0234525562546563
"522"	0.447757909267622	0.134126557990431	0.0619709577510765	0.0419140833302191
"523"	0.307926010456623	0.25588209713815	0.0502608694148988	0.0236213143317917
"524"	0.220419452257644	0.123639904862685	0.0523544119720218	0.0351920698373023
"525"	0.408461357853641	0.207561931087515	0.0666763207756496	0.05273172399195
"526"	0.195995182668367	0.106649203247082	0.0517908069915276	0.022300780310152
"527"	0.195620034547972	0.070803975381452	0.0489434487206757	0.0328765165800308
"528"	0.291365081708335	0.220652563838707	0.089850554669526	0.0624812575422828
"529"	0.203762570894158	0.110960023551439	0.0919888960719296	0.0821022066735542
"530"	0.216572787974099	0.14828167852984	0.0832339246918331	0.0400577502297888
"531"	0.237521516408575	0.102102997377762	0.0537623741027832	0.0394750785191777
"532"	0.167080925676786	0.0904814287006506	0.0524528605683779	0.0405331654554054
"533"	0.131385480895048	0.093215711171179	0.0487379066126922	0.035547605278481
"534"	0.232302537086334	0.127864984798138	0.106420630062352	0.057034331311476
"535"	0.203581917195544	0.106712539455049	0.0353485283008448	0.0274244768256865
"536"	0.187523218342176	0.122908837323761	0.0845567260144538	0.0401497149162948
"537"	0.322760418938021	0.127416163549749	0.0705936780176249	0.0274093292209807
"538"	0.305762286938664	0.14791192952611	0.131968736215692	0.0705318005643727
"539"	0.286198472699667	0.217295582527099	0.151574018034221	0.0723927980842535
"540"	0.142330213978909	0.0627590704014168	0.0392876369811099	0.0304968908853287
"541"	0.363397051182596	0.0917848518989338	0.0742454906500647	0.0401960097538734
"542"	0.350989272242689	0.182753477937368	0.0449364202697858	0.034317146433814
"543"	0.359742194044007	0.15578937423488	0.101718631508395	0.0624852945454565
"544"	0.149283691679402	0.0430754994680174	0.031628811740436	0.0269989181282659
"545"	0.205265861830301	0.0794531646240342	0.0544383949243162	0.0285430563001952
"546"	0.165763394015741	0.103375491888398	0.0553457207063874	0.0278801486434791
"547"	0.290015382175424	0.19312087603118	0.0600126243070679	0.0311856746146901
"548"	0.474042370008766	0.17184716211918	0.0644348169563244	0.0396291714324837
"549"	0.126039720548742	0.0854139771517279	0.0456142077855553	0.0222914911474111
"550"	0.212033035830505	0.157179140126589	0.113247147003222	0.036104354801232
"551"	0.192824237080696	0.120228930472754	0.110301481826483	0.0373984294651633
"552"	0.0965714410126654	0.0836151810448155	0.0548720531006539	0.020844262023304
"553"	0.21425684605733	0.120155805578967	0.0710113887764006	0.0401541130943242
"554"	0.137806889612909	0.0845663471475074	0.0751541928423223	0.0326824827220788
"555"	0.32858420125325	0.0966409901669639	0.0565681084867566	0.0299369145515331
"556"	0.157142433099353	0.1529929006759	0.0751216383330535	0.0410431346828442
"557"	0.233124591016869	0.0797679578432172	0.0593999824333527	0.0429105599438258
"558"	0.162099649726134	0.0805661362578755	0.0663439207734765	0.0433628460460341
"559"	0.293824350018416	0.172363674153262	0.0888206364241858	0.0440208856375708
"560"	0.285445777179194	0.151118989489513	0.0612365510471773	0.0433261544551662
"561"	0.28851439894495	0.128942081113967	0.0609674262684403	0.0308631377606307
"562"	0.193435090473891	0.0655902042983227	0.0497159255165472	0.0302008884980243
"563"	0.231536810603892	0.151581550103634	0.112733832110933	0.0588820650370932
"564"	0.682232629019081	0.102565762065905	0.0589587726495518	0.0295152356847918
"565"	0.246336256861118	0.0826056819077607	0.0598695618928468	0.0360407927194777
"566"	0.543928258118235	0.261610589427254	0.0696662091785485	0.0677941506441372
"567"	0.329336019424013	0.145812241263795	0.125019223618143	0.0391139870498945
"568"	0.268603764221874	0.140540845255464	0.0579802030010358	0.0492311111604708
"569"	0.359643740345746	0.178187546009119	0.103184215235759	0.0676166835803438
"570"	0.151864482585517	0.141593298679626	0.0464786205366025	0.0254024048608744
"571"	0.319590908622004	0.11406392878436	0.0812998010286128	0.0578960084934449
"572"	0.424957739157377	0.139477005209569	0.0781283037209067	0.0331294891063556
"573"	0.369829936832382	0.140422269888647	0.04589897123145	0.0246100011812856
"574"	0.311447360001318	0.16088592389817	0.0472301670775807	0.0205981695068027
"575"	0.200401016026103	0.134198669363139	0.073972749660594	0.0383017242956778
"576"	0.202955988781503	0.0952899959864674	0.0626677005056113	0.0247798775869984
"577"	0.289051109801536	0.0867781114032034	0.0760571125587773	0.0436967376209017
"578"	0.203886047937325	0.0663636667457866	0.0475913337419908	0.0190142423754082
"579"	0.209430295020423	0.113292514437556	0.0883292126520977	0.049522617066954
"580"	0.195026256091243	0.107332953494651	0.0689119790399768	0.0252841124923688
"581"	0.219185133810957	0.0906978922583494	0.0478918841658748	0.0182007290010165
"582"	0.19310425127923	0.117874090753345	0.0517698808675636	0.0381230342010511
"583"	0.229293336290299	0.145691721807743	0.0860491540895335	0.0573937273431349
"584"	0.0852831122816968	0.0777953814415142	0.0520881055029391	0.0226114456306053
"585"	0.188619445711569	0.0968000708650954	0.0672327870416442	0.0330107210536384
"586"	0.507721755185001	0.11292828802407	0.0724018052616916	0.0624498038815627
"587"	0.342348887174676	0.100034826346432	0.051638230044212	0.0260272942154723
"588"	0.361080988430039	0.0952635270121059	0.0270904891251471	0.0215490427982383
"589"	0.2701701731728	0.152823784799755	0.0911017092364638	0.0364242420638591
"590"	0.112822664446279	0.0795016374256973	0.0642520799170927	0.0360947030063203
"591"	0.251255643963347	0.122965762610356	0.0824938605109451	0.0454754828907597
"592"	0.200593330690916	0.137366745746972	0.0747277199524879	0.0688383729693459
"593"	0.236150232443132	0.0691214714613567	0.0448443528611847	0.0284500445487169
"594"	0.179614836983516	0.153700090893089	0.0588146512066745	0.0242299142687525
"595"	0.233478391878255	0.10643564110317	0.0746519288152665	0.033261752449505
"596"	0.137581432885385	0.0846387997141352	0.0494096089382262	0.0249527083388061
"597"	0.310661038542686	0.135435162345443	0.0609037604840887	0.0374843832322127
"598"	0.210806287625062	0.174488974697954	0.131204620652669	0.0384948265416436
"599"	0.14770511801656	0.100850136503747	0.0536226251986617	0.0406392931169451
"600"	0.233364680591282	0.201349132270624	0.0717454523876051	0.0368404077622227
"601"	0.334341599672721	0.13132732506185	0.0710998603363576	0.0301706973878889
"602"	0.114220574670065	0.0805075533319746	0.0607348620468322	0.048363655575593
"603"	0.275556422353186	0.117698653439233	0.0921045840349141	0.0693608792510116
"604"	0.484474031070507	0.135382786610216	0.0606738758279491	0.045102682178535
"605"	0.122871847268948	0.08114647398634	0.0542136080723122	0.0364088409380996
"606"	0.230846655212339	0.0927454207185451	0.062146408590171	0.0307634845109127
"607"	0.14180815618995	0.0965613048478949	0.0468419288770728	0.0210315835916177
"608"	0.285232819481088	0.102872263846622	0.0748400863512435	0.0396420449334566
"609"	0.316225142072682	0.117579377289853	0.0707161138399345	0.0308452444891631
"610"	0.206324422282448	0.0845348876327186	0.0636513719473361	0.0504363513797161
"611"	0.278841251236513	0.155623804295908	0.0401893226099512	0.0200380439828595
"612"	0.277923444787026	0.13619218148254	0.0822088776700935	0.0320589773772277
"613"	0.0865055895636231	0.0499878821807293	0.0392257117776934	0.0224269022258444
"614"	0.531026482251725	0.131493677976896	0.084735273864554	0.0607952593360123
"615"	0.128578555594858	0.0742979768611802	0.0572909841064862	0.0514692716788211
"616"	0.317434332627372	0.227013275792329	0.0483218385085846	0.0452775643918764
"617"	0.217945828221789	0.100831313965547	0.0550221647253015	0.0358406774608807
"618"	0.391940380096548	0.171268142111685	0.117282941016796	0.0709668468016757
"619"	0.344013441038893	0.0594728781182505	0.0431222999518437	0.0251244887719342
"620"	0.210486960811004	0.199505358220964	0.0771947216857407	0.0343297268842917
"621"	0.380842502607284	0.209959912882887	0.112197060615322	0.0610112547404611
"622"	0.265532286740019	0.101473696473716	0.0604226803914072	0.0429805641447797
"623"	0.134676667715141	0.123743640132654	0.0546508699094996	0.0389460172447366
"624"	0.200536856309112	0.130024356386541	0.0725594315046464	0.0682145250352648
"625"	0.141752094327086	0.104267773630953	0.0726278491472023	0.0376696076736923
"626"	0.155171675584993	0.124584457710834	0.0828619336458142	0.020565951158435
"627"	0.288745905254465	0.0889991105522496	0.068570206781994	0.0240741925124829
"628"	0.223085668921748	0.0884243229544729	0.0564118107606639	0.0388356828665076
"629"	0.306943314622644	0.0671899887897355	0.0461955113872277	0.0258255493007892
"630"	0.351465000252185	0.108558396145773	0.0847935880334802	0.0391081204958854
"631"	0.189686652099376	0.0874660031128043	0.0570816190710045	0.0409274809439228
"632"	0.209527396394907	0.16345852250486	0.0749498015817854	0.0428360011431555
"633"	0.105540191071108	0.0438764059513574	0.0379770570148101	0.0254776254569056
"634"	0.388579021270518	0.196428567568181	0.0936145297767905	0.05183080241035
"635"	0.403694244376527	0.174141576781986	0.0422716555421985	0.0334428962221741
"636"	0.236764590920596	0.147420131092694	0.0586723898970477	0.0329513774369011
"637"	0.292443228730809	0.164702641086167	0.116684805278552	0.0456126705646565
"638"	0.169858745636598	0.0927294748150041	0.0693341457472422	0.0289019834495639
"639"	0.247254011305992	0.176723444318606	0.0579966841311626	0.0365298987932934
"640"	0.111912100515348	0.0648585793337051	0.0409303004648309	0.0242388583406338
"641"	0.149749562599317	0.0999893500874907	0.0460979041264497	0.0311800553239481
"642"	0.211568918150168	0.129527448712296	0.0381517821661882	0.0289129447953487
"643"	0.214355673089588	0.0864647670554262	0.0703741923534497	0.0353700267010909
"644"	0.193258702010687	0.0605545757836073	0.0389092966867622	0.028910965832494
"645"	0.192298869118028	0.0685517560390154	0.055252626823323	0.0341390256980365
"646"	0.183298517298049	0.087990273755798	0.0683019967071715	0.0284352676132012
"647"	0.276056219729918	0.101450710707975	0.0506774257699999	0.030395707437848
"648"	0.140176201629406	0.0926900826570665	0.0758550789357811	0.0498796801463012
"649"	0.342489205839885	0.126225336231354	0.0970728797002486	0.0358014781545874
"650"	0.188734204663667	0.113526361267532	0.0985821728495323	0.0358926430219014
"651"	0.186428239496374	0.111700485028565	0.0721482529371595	0.027395467464992
"652"	0.477431398817654	0.151978108307093	0.0686505196335823	0.0335617507461448
"653"	0.209439994587837	0.0944331377305762	0.0674427703711426	0.0401406155796559
"654"	0.140459937022239	0.111489606735269	0.0778870380032198	0.071496170677936
"655"	0.249249051801062	0.106635105710292	0.0483431051856627	0.0377658687845078
"656"	0.18904092733935	0.139571285881263	0.0600116795352224	0.0336483677740729
"657"	0.151407800772471	0.064247173027218	0.039410510795697	0.029489192168503
"658"	0.256936329624522	0.0700551610177083	0.0370741079526389	0.0266445149778556
"659"	0.144609584532031	0.0771306866050833	0.0632907193893131	0.0431854481607056
"660"	0.201791760555308	0.142639395556501	0.0695817196629014	0.0608769432637295
"661"	0.212458449567715	0.140490503977825	0.0640511723707796	0.0277671902770142
"662"	0.268904852329006	0.10209225170681	0.0623220588746283	0.0521626144965175
"663"	0.252720653932802	0.178623190300391	0.0684454360444826	0.0511053197523646
"664"	0.252395834688639	0.0793630844664886	0.0497987986058883	0.0280088735519872
"665"	0.168455775699197	0.095877729849817	0.0414984897175332	0.0264961199136833
"666"	0.400357770585763	0.0982299746550087	0.0412821640178548	0.0272558989761685
"667"	0.207127593327457	0.141458633695352	0.064751573183842	0.0240770493011731
"668"	0.235854294307154	0.0830860485574238	0.0671069549934783	0.0330725343361451
"669"	0.376369476917827	0.171525081806983	0.0517421176543379	0.0317397364754512
"670"	0.488162859566237	0.140669791155245	0.0929126519386602	0.0398782532246764
"671"	0.501033893763456	0.18653984593835	0.0580747411470403	0.0424584626813373
"672"	0.240698370466955	0.133283443057481	0.0431967855635548	0.0367771189061211
"673"	0.358383436820894	0.165284817123687	0.0479170326650227	0.0245732083266966
"674"	0.227519858856407	0.0979912553263927	0.0867059734136622	0.0400746455016644
"675"	0.23733585706362	0.185174682954692	0.0655522184090474	0.0463292375909623
"676"	0.191895268450927	0.0782569399797167	0.0583778101863596	0.0287188885099636
"677"	0.144313950252593	0.0979331818902343	0.0653284664760694	0.0445236375930491
"678"	0.385879535493276	0.108594903648506	0.0672712845160605	0.0519091246261174
"679"	0.102268930143017	0.0757373159910891	0.03059893761549	0.0271300443833883
"680"	0.222197506255818	0.160961223012721	0.0810177922497423	0.0447925164357054
"681"	0.174694958585225	0.125090598783035	0.0633739143067182	0.0358582641796153
"682"	0.195297958438038	0.0897481080156685	0.0684516547441392	0.0321589230983988
"683"	0.251138875815349	0.156956259386072	0.0599962438939461	0.0257116296816841
"684"	0.156800279873404	0.144366357495709	0.0740187715832905	0.0405664969877088
"685"	0.329958463773782	0.115554540839996	0.0698582631442432	0.0331026814991306
"686"	0.196663248555691	0.148938596166744	0.11201125774749	0.0593038213413061
"687"	0.362741136748059	0.14840074927091	0.0871518216009512	0.0507225258835226
"688"	0.286895893423014	0.0886870451803793	0.0474223670214189	0.0244862412900878
"689"	0.425839207086922	0.159946870592271	0.0849477337698517	0.0382964656989233
"690"	0.242124073214925	0.101729734828594	0.0454816424340776	0.0331045060060167
"691"	0.0955868136614031	0.0659509211123757	0.0470510811361873	0.0283732343760951
"692"	0.207028263900006	0.08891023592442	0.0404332746250851	0.0339799623809128
"693"	0.227756045998622	0.088353560177922	0.0727596047570272	0.041508637899989
"694"	0.222762044334593	0.111028176865136	0.0751294941120575	0.0468501658238504
"695"	0.199863351387567	0.148831021497247	0.0879816834610269	0.0561656828759174
"696"	0.111250958800451	0.0894429201094921	0.0566081515713755	0.0257300513834353
"697"	0.373569405927812	0.111016376908277	0.093967164928905	0.0535107641175067
"698"	0.203345122470531	0.154208018280122	0.0523335334967288	0.0478380092204769
"699"	0.1554227286418	0.113052051556197	0.0655511023800369	0.0293447970224873
"700"	0.17861449729825	0.0669349108955493	0.0481093761923978	0.0290178106809683
"701"	0.433161366672001	0.240621769164936	0.0659494217330125	0.0437756504082852
"702"	0.141808643111385	0.116747763680216	0.0480382952055232	0.0239293218754884
"703"	0.352438886255192	0.113001930344823	0.0432149237969893	0.026760889415789
"704"	0.630666409763702	0.122826173745355	0.0453697857569117	0.0383640759118619
"705"	0.238096889030812	0.136754986664346	0.0636329019596248	0.0406163888722754
"706"	0.384870164037055	0.0867986561625521	0.0552445110631741	0.0387976140974549
"707"	0.363472381943449	0.114426213386507	0.0450980387329171	0.0391528085435401
"708"	0.124160227680553	0.103265776694247	0.0627896995142652	0.0445374475515552
"709"	0.155905593009516	0.087514571968991	0.0686950556399788	0.0394450465853527
"710"	0.418235540769466	0.147115344045068	0.102666346084109	0.036527596500013
"711"	0.460613244505936	0.144916773052295	0.0420063277197248	0.0338762998604244
"712"	0.204536958507856	0.149643022736687	0.074933233053979	0.0521360042299907
"713"	0.186072240300836	0.126102287949328	0.0708417614571599	0.038208001295482
"714"	0.109040693629482	0.0907246001957499	0.0531636722828841	0.0361433573575367
"715"	0.318165043035542	0.211237951375745	0.0993286766813382	0.0579684644552146
"716"	0.183694708159538	0.101323779300511	0.0463509594687709	0.0276056791097345
"717"	0.25353438894064	0.10384354758648	0.0580070821931843	0.0368456240223609
"718"	0.259303201456629	0.100021540711983	0.0617962144179476	0.0347225001338793
"719"	0.281564731929688	0.0963766056545143	0.0675583377144621	0.0447465517571368
"720"	0.259722530960141	0.108158320190586	0.0779363297579049	0.0358028744490034
"721"	0.642826895843152	0.278191302406095	0.146221153336896	0.0588972479768487
"722"	0.292474733575661	0.0771281083811835	0.0620163066599364	0.04312057936999
"723"	0.244967521456863	0.191253629190277	0.0906399845651012	0.0356484295023324
"724"	0.299106094083707	0.0655576567438014	0.0594672082960154	0.0355634289288971
"725"	0.605675120337796	0.125243562576843	0.0650429129129354	0.0457028467355688
"726"	0.281260540026291	0.104571250704534	0.0928260049708622	0.0314941521116622
"727"	0.193868397052791	0.182811141010837	0.0602275856944549	0.0556879289269107
"728"	0.250719361504597	0.0649099715330724	0.0479663310143205	0.0303670359481576
"729"	0.280034974770457	0.124335862482596	0.0780716050887671	0.0459256680190205
"730"	0.352224763420342	0.182702010350313	0.106518808472266	0.0637025226019267
"731"	0.155795403324617	0.0687865442541449	0.0529766437126726	0.0295316756599523
"732"	0.120881621268242	0.0849219739014039	0.0605095845931578	0.0325984956400432
"733"	0.344455760284131	0.111956644172358	0.0961010177536851	0.035655696927276
"734"	0.246134508612967	0.156107319708695	0.0752826239394487	0.048388287487986
"735"	0.135947525572796	0.0887513197533801	0.0416413483384616	0.0343512145364382
"736"	0.192878929188153	0.100333669156712	0.0962281150965669	0.0503922498112327
"737"	0.245401810314239	0.19659023803226	0.157578511619007	0.0578689465365108
"738"	0.252594845188786	0.166732500654731	0.0822651452230786	0.032331563152337
"739"	0.286853113418671	0.162516635338817	0.0943075170209292	0.0540634496313089
"740"	0.0733074439933869	0.0697633539204227	0.046614840614723	0.0390295942077599
"741"	0.38731851030533	0.0688874205687122	0.0453525102364216	0.0388298579800685
"742"	0.174397691259562	0.104866605525686	0.0445087300229115	0.0321858897409379
"743"	0.359460479917469	0.271301674174831	0.0453069273762771	0.0340158772436745
"744"	0.219636469942521	0.166367635181129	0.063325856843088	0.0355369046058651
"745"	0.300649355234803	0.106813236108398	0.053753396203973	0.0341889997821849
"746"	0.357596422608335	0.109136260109665	0.0640897848092276	0.0248349876932349
"747"	0.220418875810136	0.0721856259090275	0.0440139065606888	0.0272682749739314
"748"	0.131621102923628	0.063395141729014	0.0515265748087661	0.0200052542896972
"749"	0.218502671127289	0.140759293284976	0.042992741757079	0.0402726782679992
"750"	0.269389607759828	0.101770266237869	0.0806216116817547	0.0392596221067008
"751"	0.175473991981321	0.107598240353403	0.0559126397098427	0.0463874855556352
"752"	0.388045204818343	0.202880298979658	0.113001982180083	0.0476280294592448
"753"	0.211700572533589	0.0669209237335127	0.0462542861314979	0.0267885307926954
"754"	0.336783900149734	0.114493670207571	0.0711675289315633	0.0349029902081387
"755"	0.282766860535429	0.0808746145238267	0.0348151863207226	0.0242454774813804
"756"	0.342023349935445	0.0938993881919775	0.0582314035176137	0.0390753633192721
"757"	0.261199780585389	0.157013577270476	0.0663082352934709	0.0403226765204265
"758"	0.231170068668781	0.0942362600557759	0.0548811077681938	0.047861315485136
"759"	0.158361199814055	0.0808482979283063	0.0492405175558264	0.0306371442438677
"760"	0.151633183263541	0.0818663736239494	0.0523843172086794	0.0491720530415974
"761"	0.184764216146717	0.14400776371306	0.0961012393410662	0.0502946271856216
"762"	0.200704072445681	0.106809307593638	0.0508407825189359	0.0436087555729863
"763"	0.356015532634313	0.249212484110267	0.0645999752205042	0.0570961478581052
"764"	0.419677408131889	0.132098361265165	0.0430758491788864	0.0296909938316961
"765"	0.130114746472845	0.0679152418029151	0.0402261013060373	0.0252569278437732
"766"	0.203502071028728	0.10587923576549	0.0446839556322645	0.0393647604378294
"767"	0.293382210552665	0.0935775857308476	0.0721095009372063	0.0341743478909087
"768"	0.503075327988214	0.12522473782474	0.0837387426837778	0.029323602913348
"769"	0.389456551241365	0.198323977035266	0.0856563430848889	0.0415016404305475
"770"	0.274160687742076	0.136799493408545	0.077274186503165	0.0287154307860958
"771"	0.36462603332834	0.110027101973259	0.0792662631987572	0.0307650206441025
"772"	0.155777669581511	0.0723270170395919	0.051831042394219	0.0441365973626611
"773"	0.229816125971042	0.0997441802996945	0.0651098534515193	0.032858983690513
"774"	0.248022359706517	0.123438633187944	0.0771704328177105	0.0309649897112009
"775"	0.128339279989549	0.0884972503529179	0.0736070352837953	0.0279239832814406
"776"	0.143861366128233	0.112168821587494	0.0664591732093497	0.0534380135352926
"777"	0.400741978949393	0.251541074450256	0.134957689731855	0.0783248517350276
"778"	0.146682294058885	0.0777865552093106	0.0472214029305829	0.0347607774857681
"779"	0.185723163911039	0.0802655578770055	0.0384619186446335	0.031604096556821
"780"	0.262100751387018	0.156073551902495	0.094335818830429	0.0692703888560358
"781"	0.305268070440855	0.0965944683538867	0.0604325115251965	0.0444199493988153
"782"	0.42893659394661	0.225936187806521	0.108594322355479	0.0340058676780395
"783"	0.244562836249839	0.142537403113554	0.0606708890296148	0.0376919273765715
"784"	0.273655296875929	0.108229412605045	0.0644587459075244	0.048892913868708
"785"	0.17166038085876	0.101094715367926	0.0337472590575169	0.016166925896119
"786"	0.196196997081672	0.157727280072329	0.0311013181813796	0.0280506508409062
"787"	0.168547083916261	0.0765893920653918	0.0393875657992499	0.0266437831328842
"788"	0.1796016613647	0.12041656861172	0.0635051888530156	0.0379147985462045
"789"	0.300910191975707	0.136114645243588	0.0475906715587581	0.0367021345053711
"790"	0.13651896691421	0.105753508362237	0.0658744054316995	0.033569539802013
"791"	0.176778357184499	0.112421597020049	0.0728590371253653	0.0451682493199148
"792"	0.395236499150734	0.209292642265399	0.0822734809027916	0.0329882192757849
"793"	0.476132688432984	0.0740067899473827	0.0357858696565831	0.0298709008183254
"794"	0.232770386528479	0.160739302009656	0.111326268067103	0.0467782582428194
"795"	0.170610467655613	0.105401727189424	0.0632714226683523	0.0342703859916789
"796"	0.152196712452786	0.0754071734755022	0.0568871780486934	0.0386176326305463
"797"	0.412082509765093	0.0973914116506275	0.0522472870330488	0.0351150349151835
"798"	0.237245841573225	0.132498825213277	0.097473007059868	0.0284371255507046
"799"	0.175437288205516	0.124387010331625	0.0502596833159935	0.0458128709568471
"800"	0.422941938918229	0.106595835786963	0.0598163213925922	0.0258059579302948
"801"	0.40876508602625	0.133554591487419	0.080760435340002	0.034116245692609
"802"	0.202640007092577	0.132285792784747	0.0932936630984508	0.0594950636310869
"803"	0.212869378524647	0.148991778255582	0.0706052727837848	0.0342678595886285
"804"	0.242398805260862	0.155705175018898	0.0998632276952691	0.0436312133652691
"805"	0.455245067088436	0.155909862997823	0.0950663064889242	0.0507873034889565
"806"	0.208468745637692	0.0993915253540656	0.0663157351952497	0.0275842491137117
"807"	0.0903122038245113	0.0674372215057465	0.0614412003050687	0.0367471182691777
"808"	0.226514675981207	0.0662664487977747	0.0517497844513806	0.0224467789457631
"809"	0.161734329958064	0.0831333340430586	0.0525265286820071	0.0351603994101539
"810"	0.22515675812294	0.158232446753639	0.0587058598398366	0.0396151358493047
"811"	0.183896034545963	0.144412165075243	0.0923936909660943	0.0514666101289613
"812"	0.127739170149496	0.0989658667350477	0.0614788620279717	0.033970261437877
"813"	0.139328786573054	0.0842763693731199	0.0740669123897041	0.0329650682928145
"814"	0.160282309381509	0.0719532213285115	0.0616686253268936	0.040356010423237
"815"	0.270592185741272	0.11955095858375	0.062507165104746	0.03260909291422
"816"	0.187419147957723	0.0893855455073884	0.0432356103076563	0.0323695782995255
"817"	0.296787194317913	0.176117524666864	0.0693671589483555	0.0281288800281951
"818"	0.138081466796878	0.12385751757184	0.0470515288979881	0.0332428350254444
"819"	0.204992837363586	0.0824404024956953	0.0662723597305005	0.0517004293431688
"820"	0.185460304203089	0.0922640985437441	0.059784532114326	0.0416566635288223
"821"	0.321946649364853	0.0996865808829679	0.0528033934036859	0.0363181010518535
"822"	0.407307470753417	0.211214151978182	0.0441849285021202	0.0289973431125834
"823"	0.34007773848976	0.107092689057592	0.0913485858526943	0.0670567445609027
"824"	0.329345465369818	0.184896480914933	0.15343018968659	0.0572175616578043
"825"	0.286521774002021	0.164813268951379	0.0817130234849898	0.0391265194702164
"826"	0.439853682499766	0.114766393662954	0.0843318965900525	0.0427735511141733
"827"	0.291517819022673	0.178468705687836	0.0578576114766092	0.0398068820862591
"828"	0.0882443893991597	0.0438648042821497	0.0320546261784305	0.0212316370507914
"829"	0.129437307741846	0.0854508029411047	0.0511093807835018	0.0404448654563963
"830"	0.198121127262065	0.109967185798581	0.0713016413594964	0.0284310001083639
"831"	0.210695721457695	0.0737059837017509	0.0573208424674894	0.0435728589863285
"832"	0.209590009754283	0.0965962272291673	0.054136020698218	0.0241570545399641
"833"	0.100537433681271	0.0726092495193204	0.0396412205710495	0.031053013320071
"834"	0.196952541754964	0.143571993362708	0.070142071959707	0.0276104713468883
"835"	0.375990749203744	0.105489610490475	0.0880592417363861	0.0258699265930376
"836"	0.172798922710931	0.123440251897478	0.0821426678485018	0.0688475597028354
"837"	0.308873304884916	0.13833506149094	0.117766124806547	0.0452070956573022
"838"	0.244932353702548	0.102607383567059	0.045494840222571	0.0341170787563199
"839"	0.144929681999239	0.09714482488584	0.0744786958241215	0.0322751184127652
"840"	0.122510555262963	0.0638047420247877	0.0441599209545728	0.0327616043084975
"841"	0.253786627617357	0.0527099043880483	0.0400576773975928	0.0238637194454303
"842"	0.492133009690087	0.179009724848869	0.0484562718607209	0.0248358624384937
"843"	0.104725978031048	0.0552024050562221	0.035559355782561	0.0250310441712241
"844"	0.2367820291135	0.0823673399271345	0.0523525158116987	0.029942734964124
"845"	0.181867519966152	0.105955227097098	0.0553072542795437	0.0433286107980193
"846"	0.140262438192594	0.12705318235603	0.0653061686281824	0.0535909616012791
"847"	0.132538628195369	0.075692089960946	0.0585736358910201	0.039276031854122
"848"	0.128476902226539	0.0971225028150618	0.0412098492862795	0.0236555767221221
"849"	0.259494332721769	0.101934980611531	0.0646323909895859	0.0350588601240157
"850"	0.253086853143647	0.182789797791338	0.064994680023446	0.0452260085256022
"851"	0.245285571585939	0.0620861484990813	0.0347870389163434	0.0294197162223319
"852"	0.209207802381788	0.119480398863898	0.0847037993431346	0.0482565925668354
"853"	0.159605551850606	0.115213215301191	0.0642417302679971	0.0347521388961924
"854"	0.303904591833783	0.0893037984220298	0.0529292754925497	0.0357865284793234
"855"	0.308655588052227	0.107206450987333	0.0788922744403358	0.0426559851056067
"856"	0.176416263055955	0.146715393466804	0.0720509416225946	0.0510080178644147
"857"	0.205574209736891	0.0929509554068876	0.0650433071740519	0.0354277500704823
"858"	0.132889523673257	0.0975490470886233	0.058217224781602	0.0427459237535937
"859"	0.15528396853705	0.0991300220325019	0.0790476383710617	0.0189277741294937
"860"	0.355795283052719	0.197836664248298	0.0635339073854839	0.0538046689101642
"861"	0.238907939603426	0.165916617080686	0.0736100127006057	0.0395692423473272
"862"	0.114141230538265	0.0646488419274343	0.0400171865748864	0.0236603985166738
"863"	0.387330651771324	0.142524387955588	0.0595403770166593	0.0379429569667119
"864"	0.152027674456683	0.110430378060551	0.0419753864058419	0.0218436754607157
"865"	0.155161283899119	0.123713609987665	0.0854243433749035	0.04187778975813
"866"	0.229375760749378	0.154798525357312	0.087621191630362	0.0792067257663522
"867"	0.236981372750654	0.0960036382682557	0.0531466790349342	0.04520217514541
"868"	0.465065230553136	0.111075935343744	0.0725181126356033	0.0520240110254183
"869"	0.150071950633757	0.13318916960535	0.0582996177530319	0.0316439649164736
"870"	0.14164476191795	0.0927886661655531	0.0372025434483091	0.0296056595694687
"871"	0.359018310873048	0.191046304460573	0.0907888051261677	0.0603133109392351
"872"	0.155822645353382	0.103834115752453	0.0661447538194604	0.0302285068147711
"873"	0.346278438967902	0.115098242754955	0.0817639936481301	0.0278843980414008
"874"	0.241972532474711	0.111054468921176	0.0638601758532019	0.0464985600966529
"875"	0.234444114032218	0.145851467457468	0.080821902814122	0.0282427837506229
"876"	0.187502352934369	0.0833146729456415	0.0713655212992026	0.0403587432168628
"877"	0.31163572476673	0.0763786627528962	0.0592410788430205	0.04057528399334
"878"	0.317474726231219	0.152242891811794	0.0529934084667526	0.0255780415582077
"879"	0.263668347217133	0.169352809021362	0.108220526298965	0.0253342426999564
"880"	0.17565193446329	0.159845816266926	0.0635041971413212	0.045948801842427
"881"	0.204276348278236	0.104331695339297	0.0635548830919033	0.0224298263044013
"882"	0.162139673234149	0.0866768285782676	0.0583266690507119	0.042858364769348
"883"	0.0851034536114555	0.0529823102255943	0.0337616257058754	0.0233285155834458
"884"	0.120061820830493	0.0879490110854575	0.0391900049225044	0.0293311544675041
"885"	0.253230187419175	0.139131492149104	0.0657121217964189	0.0417557192392685
"886"	0.301514863506088	0.175695837197187	0.0776257632040973	0.0482854615671968
"887"	0.191073831584981	0.110375159854974	0.0574551232781634	0.0280817130301103
"888"	0.383258830310107	0.222961192204568	0.0462133381893029	0.0351595676170512
"889"	0.18530237890581	0.122784339996601	0.0774712877406064	0.0281836323554762
"890"	0.692121826587211	0.175458359997532	0.104556916640588	0.0564317496138844
"891"	0.322465463188489	0.103950896026206	0.065058447535499	0.0407080052849279
"892"	0.249996838871744	0.184134440425649	0.0726278140803584	0.0429680504448636
"893"	0.16971948487997	0.122204638224887	0.0818045814579687	0.0595962841058215
"894"	0.322090304926848	0.1642082711947	0.10942807325379	0.045615946907794
"895"	0.416408823178065	0.105033583450208	0.072888174213506	0.0505807529087628
"896"	0.209368202500202	0.099947913200334	0.0713648808285882	0.030596117532217
"897"	0.224617435214125	0.166985802819491	0.150752092693647	0.0883252135527534
"898"	0.223780583814108	0.141696705698451	0.092839505800519	0.0457827529140019
"899"	0.404815899048038	0.244266052063968	0.0647179131009435	0.0399297326359423
"900"	0.170713001488159	0.143684775024522	0.0434893976352291	0.0299723444442363
"901"	0.20857414707684	0.103296110121122	0.0595697293167809	0.0435161601168319
"902"	0.38924527676626	0.137093054563403	0.119120741732663	0.0548509312045149
"903"	0.275806235570711	0.195380980032825	0.0559152932460304	0.0378647970376899
"904"	0.239705484016692	0.109740338855646	0.0796784826904745	0.0299341696154585
"905"	0.412256772913406	0.147040281518671	0.0708923781594833	0.0468614010752479
"906"	0.368625782781575	0.133941919520866	0.103997648843149	0.0873299638370494
"907"	0.129347565469848	0.0786860968593559	0.0541356597078803	0.0379437915803446
"908"	0.169389866001996	0.0906220214021468	0.0578035555371029	0.0465625232297227
"909"	0.313934084006414	0.171317477423742	0.0679920624333778	0.0371437713854716
"910"	0.259097575400269	0.100732309316923	0.0860844422532932	0.0286085830137189
"911"	0.183470310411926	0.159541559863741	0.0888050098587035	0.0684271014982512
"912"	0.279884880676486	0.133384645831108	0.0808277412758486	0.0289443464026566
"913"	0.32289013371455	0.124496103289535	0.0598533793831912	0.0328655064992431
"914"	0.547373587580959	0.0882464597223896	0.0500184725687789	0.0355201724444266
"915"	0.302326009939084	0.113681902305747	0.0593223537259741	0.0260530267150955
"916"	0.1588537299337	0.137216316818289	0.0844073617612671	0.0488540428572657
"917"	0.157750335264567	0.0515048714562255	0.0394950589009643	0.0300227130583866
"918"	0.156821378022334	0.0948785154511485	0.0546821752369228	0.0336113108392252
"919"	0.311736447080227	0.162442823643929	0.0664514213914386	0.0438958850803238
"920"	0.191253478740232	0.146844437660882	0.0658547606755046	0.0618373323106813
"921"	0.189303356736491	0.078457105558662	0.050055531914385	0.0223069978137158
"922"	0.283048686482823	0.15461042550715	0.0424541647705447	0.0274140349433237
"923"	0.298527225202117	0.12518477699915	0.077137353805921	0.0420539980183904
"924"	0.176938220591837	0.0825949283766385	0.0635774305826101	0.0328868934574783
"925"	0.364790097510333	0.163339762701354	0.11172568166258	0.0390847263149097
"926"	0.587121675375491	0.143545902763294	0.0429494382001982	0.0370230518206619
"927"	0.373970775157742	0.078608293582159	0.0558449778499192	0.0355661142131
"928"	0.130013754437086	0.0967787968547146	0.0785258603825041	0.0487721070981505
"929"	0.252941114603958	0.132778673974356	0.0818541067072269	0.0339661595852335
"930"	0.134014791101894	0.101999247875395	0.0518315756171525	0.0292570021028929
"931"	0.108484848240136	0.0786167020907191	0.0306447863677168	0.0213259548352054
"932"	0.187159599439342	0.105076967696147	0.0759497474100154	0.0627250357510605
"933"	0.170391358328876	0.117246543653507	0.0356655586911286	0.031084662679964
"934"	0.168514245547731	0.134576773469596	0.0646219336243535	0.0520256810372521
"935"	0.184709435168024	0.126146970248129	0.0359941582605583	0.0340306738733373
"936"	0.176465910983767	0.118119168589816	0.0853475000254265	0.0595349292478168
"937"	0.113411914983172	0.0602898527834746	0.0567921633553888	0.0394755383894285
"938"	0.179601253071157	0.0707142663620046	0.056028107440168	0.0340212924892338
"939"	0.141468423961068	0.0838882853342415	0.0504089816561794	0.0323451149802346
"940"	0.231237595320291	0.162606032036198	0.0944964433208292	0.0625005245693183
"941"	0.199629288229713	0.124533210282943	0.0831685922667621	0.0627086241115622
"942"	0.301965476770587	0.156398393212285	0.125284996020788	0.0720824940577771
"943"	0.41837878489188	0.226421602733069	0.122360317439472	0.0321532349234152
"944"	0.263421268211331	0.0969574733171649	0.0757112083953885	0.0434563170958833
"945"	0.202111612216994	0.136091698154708	0.0639728149335276	0.0343360261390285
"946"	0.13440123319533	0.0900448199007674	0.0586628156071679	0.0434085132871266
"947"	0.5978638652656	0.140346925483011	0.0722141152082442	0.065345070827372
"948"	0.176922085417476	0.108996492958595	0.0871265693776986	0.0302709533363421
"949"	0.303624116163591	0.14455016579348	0.0822118596715667	0.0337718437818261
"950"	0.245568279780998	0.121046686679692	0.106964297090153	0.0363565327011465
"951"	0.188873110829848	0.110864710880965	0.0791038692416278	0.0285137899875981
"952"	0.183401816259962	0.137405013935608	0.065596126276	0.02707496744407
"953"	0.428455425580776	0.143160237215198	0.0780391784223622	0.0545670206452859
"954"	0.427694052435965	0.141549129176745	0.0811898939504041	0.0529917338547922
"955"	0.143312486039585	0.0950695057154902	0.0675685843805162	0.0524617788131635
"956"	0.274101321586031	0.184323095408866	0.0798056246173458	0.0339588407000024
"957"	0.332064632416323	0.0837422258193584	0.0515218316389837	0.0423598429363041
"958"	0.130010921338059	0.112579086456119	0.0773909468933851	0.0421116794256943
"959"	0.359859072646421	0.121798163277246	0.0617975259966705	0.0417037896324363
"960"	0.408994283589449	0.125501231769901	0.0603705307682227	0.0321474166009102
"961"	0.188600359346556	0.0835652773034722	0.0761106774556267	0.0537017395008805
"962"	0.136166531135214	0.0425136176839271	0.0361943443678134	0.0250662353458698
"963"	0.196545855109232	0.0755910882259118	0.0588724386543064	0.0381040868701051
"964"	0.0998459738513754	0.063316151300037	0.0371829101401817	0.0197625052512438
"965"	0.24028850913285	0.0567929960337588	0.050038876829657	0.0204490702072585
"966"	0.304826737172644	0.184262972258252	0.0705906586915595	0.0272470316402852
"967"	0.421646310257358	0.11390283674136	0.0941950523482325	0.0623834307624807
"968"	0.237701402182009	0.087520703694479	0.0760103108173665	0.0461862484843394
"969"	0.20338476318827	0.0773807945626778	0.0484649756641741	0.0308972330851477
"970"	0.140852778496324	0.0873749736733369	0.0620520350526655	0.0460402836830592
"971"	0.319671859815222	0.1353808152949	0.104051107009499	0.0795873812248521
"972"	0.178557235356149	0.143674681325742	0.0660164616827109	0.0477213410093237
"973"	0.26871329342074	0.118973632142803	0.0781679280177402	0.0270633395566901
"974"	0.255945509654293	0.10872223672443	0.0474119088595252	0.0309897741580938
"975"	0.252157712600184	0.127410991933294	0.0635579270277443	0.0479337670589005
"976"	0.186096684674327	0.131885702023902	0.0692222872159105	0.0278705242753001
"977"	0.414752331005078	0.144071596805519	0.095615612886818	0.0555112222658303
"978"	0.430588435078465	0.163925102397578	0.0692314498042568	0.0397252798468265
"979"	0.242856620803294	0.153262029033182	0.0929229259852752	0.0454002191974714
"980"	0.259374308317225	0.0869458136730113	0.0575091595098344	0.0411170274009417
"981"	0.390183962358586	0.166356787991212	0.0799239087921618	0.0394379484997646
"982"	0.381311738676126	0.115058792484241	0.068578898892152	0.0371229405042998
"983"	0.224569496648563	0.181480571420404	0.0766220842998883	0.0428499845814529
"984"	0.202157732157632	0.0763021275273769	0.048035276969517	0.0202414948152455
"985"	0.441775704079624	0.108637546356453	0.0846797917606021	0.0528106241452484
"986"	0.211518653753396	0.167284710882901	0.0642592181822132	0.0237119538076658
"987"	0.176842680587467	0.132570692457445	0.0646382313200656	0.0556769281975722
"988"	0.243184715052572	0.159798552805147	0.0743218241150732	0.0420737985390033
"989"	0.176317745300502	0.11346600683666	0.0913158593580014	0.050199723082656
"990"	0.344658813885625	0.196811912677865	0.0824247898034185	0.0499273061579997
"991"	0.174505568684066	0.0764910079639091	0.0615622765951828	0.0378642334051028
"992"	0.311460399971213	0.173553125563615	0.104320521084861	0.0496994999903694
"993"	0.492147826863409	0.122491279877659	0.0600925903538978	0.0508834538821093
"994"	0.523508570074687	0.0712182840675551	0.0577428716819898	0.0392973200547191
"995"	0.278099562068176	0.16814396131157	0.121719500059625	0.0511702663225122
"996"	0.230278928343386	0.164827714889198	0.134486776512748	0.0285153272353734
"997"	0.15972828335737	0.109092761788082	0.0685604061247161	0.042539486984685
"998"	0.251073066677174	0.122815311153573	0.0669737576046834	0.0264299340055257
"999"	0.210584677532942	0.125387037781799	0.0805600603912609	0.0312012816307705
"1000"	0.220431426851036	0.0640712927323338	0.0561590268555277	0.0394819342495895
