"X1"	"X2"	"X3"	"X4"
"1"	3.15871845830487	2.93509341865109	2.37741654140378	1.52877158164026
"2"	3.35556505515954	2.8540145817729	2.45074032104119	1.33968004202637
"3"	3.5800282953245	2.78626366199275	2.1134550498868	1.52025299279594
"4"	3.5118361211064	2.89794679410144	2.0208879385734	1.56932914621876
"5"	3.32006081371106	3.16291321463471	1.83381248406463	1.6832134875896
"6"	3.46371768326232	2.53960178361673	2.05511188524367	1.94156864787727
"7"	3.34899960933671	2.85063603568013	2.31294316616699	1.48742118881617
"8"	3.04865256543299	2.73500204113459	2.38929045008164	1.82705494335077
"9"	3.62537860882469	2.73041512460646	2.2570191089097	1.38718715765916
"10"	3.35280438987174	3.00028948264482	2.37291974536657	1.27398638211687
"11"	3.55830638186905	2.54601238765353	2.19156845483484	1.70411277564258
"12"	3.81867772750953	2.53118382438007	2.02656778630642	1.62357066180398
"13"	3.51135846205937	2.8705929512812	2.18664490838355	1.43140367827589
"14"	3.70444180526399	2.65104140862586	1.90913965525927	1.73537713085088
"15"	3.39001215183896	2.9578388015376	2.34457477130793	1.3075742753155
"16"	3.84002128602563	2.64726846365172	2.16259214571905	1.3501181046036
"17"	3.07220152416383	2.57735012064622	2.30975693823906	2.0406914169509
"18"	3.98953256302014	2.62854997508418	1.91603417967377	1.46588328222191
"19"	3.44211896709919	2.93372233010438	2.54553328871617	1.07862541408026
"20"	3.51659491685587	2.37032518827536	2.22915033476782	1.88392956010095
"21"	3.54977165971279	2.79528403280391	2.18605915097816	1.46888515650514
"22"	3.27633337445827	3.15258060521632	1.97868602960412	1.5923999907213
"23"	3.68334904190588	2.61324156808687	2.44317238138084	1.26023700862641
"24"	3.07751113519691	2.90777576904936	2.5817883665789	1.43292472917483
"25"	3.38080526949663	3.07158645575314	1.88649985247076	1.66110842227948
"26"	3.40620831020689	2.96730208122249	1.96881754240794	1.65767206616268
"27"	3.44224014553438	3.06301943703308	2.05137617312022	1.44336424431232
"28"	3.4125310173378	3.13656510269902	1.98471540713527	1.46618847282791
"29"	4.04352966447425	2.54237435282761	1.9690158400205	1.44508014267764
"30"	3.57050995241014	2.83705806880042	2.07043731336177	1.52199466542766
"31"	3.18812851870389	2.91426899055813	2.24761928618378	1.6499832045542
"32"	3.63608011518777	2.89640003379694	2.21507618763581	1.25244366337948
"33"	3.34925012341253	2.99895420672129	2.03702805723945	1.61476761262673
"34"	3.35001284292501	2.88666536060741	2.06949905351236	1.69382274295523
"35"	3.62610070003032	2.93949433759402	1.92888013973663	1.50552482263902
"36"	3.08802418422684	2.89557212949865	2.29559636167417	1.72080732460034
"37"	3.2452869839931	2.65847074093245	2.30201494858407	1.79422732649038
"38"	3.2286282263897	2.92792357832056	2.00682797841432	1.83662021687543
"39"	3.22618393579005	2.72770201776703	2.08234986999715	1.96376417644576
"40"	3.32270511689662	3.24283162316963	2.0255919970585	1.40887126287524
"41"	3.08449054770839	2.76752158011501	2.51632497970441	1.63166289247219
"42"	3.58939488196918	2.78514081726988	2.00892733249118	1.61653696826976
"43"	3.26381476044388	2.58221422674843	2.31890536295842	1.83506564984927
"44"	3.20245633114712	2.56067102770435	2.28975493567257	1.94711770547596
"45"	3.27531613327848	2.9033332480002	2.02439049630571	1.79696012241561
"46"	3.25010425883747	2.77383729167577	2.29434858925528	1.68170986023148
"47"	3.14190726259718	2.86598117140362	2.40727560057342	1.58483596542579
"48"	3.21772114645691	2.7725065237553	2.29157746562354	1.71819486416424
"49"	3.19462364444281	2.89692314270378	2.22256243684159	1.68589077601182
"50"	3.54785889310023	2.94562608677934	2.02803735765716	1.47847766246326
"51"	3.21776079626092	2.75903796037831	2.48221584433334	1.54098539902743
"52"	3.37379439862477	2.88835832584405	2.34436564422155	1.39348163130962
"53"	3.44424166527426	2.77210146374144	2.07319921147477	1.71045765950954
"54"	3.5069558071442	2.95026370508681	2.11397211521466	1.42880837255434
"55"	3.20004424607224	2.76757022006393	2.4591864999038	1.57319903396003
"56"	3.31651766770007	2.96071397457858	2.10422125597862	1.61854710174273
"57"	3.47029553150607	2.8549599440015	1.94930402105624	1.72544050343619
"58"	3.55241043948028	2.6036489593125	2.28977436572054	1.55416623548668
"59"	3.29881353754648	2.93936999885178	1.9970005866097	1.76481587699204
"60"	3.23926445594411	2.63654099339689	2.62109021388649	1.50310433677251
"61"	3.28007570554959	2.93666538170161	2.07389222320327	1.70936668954553
"62"	3.4439079822111	2.81851043138374	2.09046915566311	1.64711243074205
"63"	3.4062504266066	2.68908287595737	2.36498770793226	1.53967898950377
"64"	3.40732450255702	2.79006594086987	2.30269980667584	1.49990974989727
"65"	3.38838385356472	3.05877277722569	2.00207302535716	1.55077034385242
"66"	3.52120456258737	2.59800303909345	2.07294289385055	1.80784950446862
"67"	3.45231708669998	2.94423740047348	2.01579105957565	1.5876544532509
"68"	3.44957143839935	2.91593584131875	2.03314020830451	1.60135251197739
"69"	3.44755144897012	2.59929609631111	2.03375031044289	1.91940214427588
"70"	3.57780791168073	3.09302342163367	2.09073665421995	1.23843201246565
"71"	3.52933474436283	3.09929275589361	1.86586013189954	1.50551236784402
"72"	3.43636106899413	3.23834464588469	1.95213814008204	1.37315614503914
"73"	3.40219711999145	2.7324740645442	2.30125222613963	1.56407658932472
"74"	3.51996415744373	2.57191781610139	2.19797163037004	1.71014639608484
"75"	3.26667222553494	2.67644118936896	2.21222317507773	1.84466341001836
"76"	3.41165153609004	2.89001035063152	2.26969439960293	1.42864371367551
"77"	3.46505490969703	2.53174223760101	2.15930171362801	1.84390113907395
"78"	3.58829614890083	2.95847157343511	1.81628563985128	1.63694663781279
"79"	3.44489412256048	2.68785924021553	2.47533130839821	1.39191532882577
"80"	3.05135538158553	2.63573201047297	2.36500569834314	1.94790690959836
"81"	3.41423391210668	2.62227356581287	2.33798657906989	1.62550594301056
"82"	3.39586375070371	2.64512956145054	2.40512120645857	1.55388548138717
"83"	3.3793352623201	2.55439707241769	2.16387093066709	1.90239673459512
"84"	3.47130918065141	2.46881505736356	2.26388807949015	1.79598768249488
"85"	3.77806743939545	2.75117280462345	1.78100992675691	1.68974982922419
"86"	3.09819583646464	2.98366241853259	2.24363652845872	1.67450521654406
"87"	3.86408728955406	3.113281767291	2.11548718367776	0.907143759477182
"88"	3.62516649333044	2.6261232316848	2.03230835287478	1.71640192210998
"89"	3.05128022487231	2.83426956423748	2.37600458151753	1.73844562937268
"90"	3.15323571854564	2.97492639115447	2.09507110574935	1.77676678455055
"91"	3.32568365766668	2.73276240525278	2.30149165164109	1.64006228543946
"92"	3.27728775744925	2.84385881270693	2.23600459733869	1.64284883250513
"93"	3.57339460213319	3.17218033580023	2.09047047233627	1.16395458973031
"94"	3.46410336287757	2.61023069781979	2.58714662304044	1.3385193162622
"95"	3.84798942389592	2.42868058795596	2.29219776617234	1.43113222197578
"96"	3.35033464495839	2.94926483279998	2.50417833442239	1.19622218781924
"97"	3.126020753354	3.00356708554232	2.01757373870245	1.85283842240122
"98"	3.80539841783931	2.67768630992016	2.05265780987161	1.46425746236892
"99"	3.27415399764706	3.02423728690643	1.8688653307575	1.83274338468901
"100"	3.689873422617	2.95861800760373	1.97431672830643	1.37719184147284
"101"	3.17813869838008	2.96363208666971	2.38527392123733	1.47295529371287
"102"	3.10181427974676	2.76786256381251	2.27652765861418	1.85379549782655
"103"	3.66262801727718	2.76146309618697	2.32807764181869	1.24783124471715
"104"	3.6470004043252	2.72217479453806	1.9871362393164	1.64368856182033
"105"	3.58666206299677	2.66457595680465	2.29143640425559	1.45732557594299
"106"	3.22307285349799	2.7708413058937	2.46082833403111	1.5452575065772
"107"	2.97972580892366	2.7744986395388	2.36711440872968	1.87866114280785
"108"	3.32193426541176	2.7698300145482	2.44628820663941	1.46194751340063
"109"	3.5356887192726	2.64393942205886	2.1046995211087	1.71567233755984
"110"	3.54235518725961	2.95333141436713	2.07778972109705	1.42652367727621
"111"	3.2736528152447	2.57972134995019	2.47148250498112	1.67514332982399
"112"	3.2530178127208	2.71402490200984	2.29505113848745	1.73790614678191
"113"	3.75084080015413	3.14893466401831	1.63661456227797	1.46360997354958
"114"	3.22852691126542	3.03390528233169	2.14675946623075	1.59080834017213
"115"	3.44334517467648	2.93542068205513	2.14397241804864	1.47726172521975
"116"	3.27610446458269	2.72195608762553	2.36245645389084	1.63948299390093
"117"	3.86238269927821	2.47027365739328	2.04168466541577	1.62565897791274
"118"	3.226703529368	2.78973563425121	2.35778803777538	1.62577279860541
"119"	3.65264001508519	2.46286836357736	2.24685258005174	1.6376390412857
"120"	3.78704404941759	2.74475532508988	2.35640886063948	1.11179176485306
"121"	3.62713097607912	2.91113524786003	2.01344402086115	1.4482897551997
"122"	3.36087447568004	3.0210738722167	1.99486256744532	1.62318908465794
"123"	3.30961384706438	2.72508004702059	2.57787010042532	1.38743600548971
"124"	3.57090414929914	2.71967865741182	2.16255471562247	1.54686247766658
"125"	3.27427001307316	3.16884780170399	2.34335875448574	1.21352343073711
"126"	3.30326226077315	3.17710184148366	2.26535906232031	1.25427683542288
"127"	3.45102198962017	3.03420180646864	1.88746076487505	1.62731543903614
"128"	3.28965181043203	2.76237870824872	2.49059978993624	1.45736969138301
"129"	3.62026316728293	3.05715093360272	2.10747821930622	1.21510767980813
"130"	3.65605750146633	3.44846644387376	1.74648121396843	1.14899484069149
"131"	3.36629049195945	2.47639914771007	2.27673895623658	1.8805714040939
"132"	3.61168266181187	2.61891474848018	2.37984864377125	1.38955394593669
"133"	3.44772938980869	3.0398711864306	2.03329254987104	1.47910687388967
"134"	3.52236698092324	2.61885579098615	2.32206254305336	1.53671468503725
"135"	3.20077684706761	2.99668087086373	1.95584677984912	1.84669550221954
"136"	3.67794686169296	3.42679985946397	1.6861542182872	1.20909906055586
"137"	3.47214417152321	2.73834719152691	2.50511175262345	1.28439688432644
"138"	3.79684780165197	2.54326746946812	1.96553867448297	1.69434605439693
"139"	3.55318827888282	2.74402609378799	2.1211903608819	1.58159526644728
"140"	3.48227941900392	2.63703145011365	2.15432306312417	1.72636606775827
"141"	3.47050932475962	3.11148137940501	1.85704223019773	1.56096706563764
"142"	3.84695862247522	2.7523316983515	2.03708914724393	1.36362053192935
"143"	3.39545169651935	2.9506476855739	2.62786531528034	1.02603530262641
"144"	3.29386369748316	2.66419246432909	2.19453710116674	1.84740673702101
"145"	3.74772267502881	3.07241331614749	1.6952989967758	1.4845650120479
"146"	3.42405283848577	2.84328596733701	2.34472315619379	1.38793803798343
"147"	3.44256585276826	3.09209423000579	2.09380115705573	1.37153876017022
"148"	3.31014457284697	2.8188923328743	2.54592156888505	1.32504152539367
"149"	3.00504254270445	2.77987749803193	2.33683666104803	1.87824329821559
"150"	3.24452368179167	2.66065093329223	2.16993474498732	1.92489063992879
"151"	3.40963732647092	2.89582323637745	2.00429888109702	1.6902405560546
"152"	3.22742016923153	2.93981077404391	2.26442082687279	1.56834822985178
"153"	3.46895767514398	2.95018969005455	2.0786629327022	1.50218970209926
"154"	3.58746916284584	3.06939606248883	1.96929494044265	1.37383983422269
"155"	3.32823434311999	3.19581593793468	1.95822446096171	1.51772525798362
"156"	3.51276180663431	2.88172893497619	1.83307712153425	1.77243213685525
"157"	3.29313942563317	2.59912809733489	2.45585754553412	1.65187493149782
"158"	3.35562340749054	2.70197766316404	2.18131508949067	1.76108383985475
"159"	3.07017513133421	2.86199211611633	2.53998046165417	1.52785229089528
"160"	3.78084712116667	3.21331514830494	1.56977282263404	1.43606490789434
"161"	3.69080774683339	3.05201962412545	2.11996073996464	1.13721188907652
"162"	3.13496394461648	3.03658644342455	2.1569534106397	1.67149620131927
"163"	3.39951347348449	2.73382635909699	2.29833702763845	1.56832313978007
"164"	3.31598015422832	3.08841237004964	2.04700976182985	1.5485977138922
"165"	3.44805123288346	2.53748176061166	2.13422957410684	1.88023743239804
"166"	3.72430951291962	3.0055033065329	1.87223797032948	1.39794921021801
"167"	3.23886018033597	3.02333979556867	2.15134781675118	1.58645220734418
"168"	3.36479694958352	2.82725254886553	2.44980176188961	1.35814873966134
"169"	3.48449408378137	2.70511921761517	2.153982142683	1.65640455592046
"170"	3.62185171908611	3.1368832892544	2.12492785163246	1.11633714002703
"171"	3.40198816002465	3.14778262561625	1.96711250211423	1.48311671224487
"172"	3.22569607793288	2.54393130841445	2.24895543262137	1.98141718103129
"173"	3.02577026088031	2.91521645615346	2.43756058109262	1.6214527018736
"174"	3.91899447618855	2.8511171022103	1.9003243915706	1.32956403003055
"175"	3.54794955131893	2.79765213974736	1.94042186823051	1.71397644070319
"176"	3.40321046642099	3.044249375387	2.09650886469894	1.45603129349307
"177"	3.04200880346034	3.00273000165174	2.2960111797044	1.65925001518352
"178"	3.72339886980106	2.70410351004414	1.880803009062	1.69169461109281
"179"	3.16890715707314	2.96815479395605	2.31650365629195	1.54643439267886
"180"	3.49902061829601	2.84184861615936	2.35185726045335	1.30727350509128
"181"	3.63400039503571	2.42236397674166	2.19852890113667	1.74510672708597
"182"	3.30518341714486	2.77597421476326	2.48703384681393	1.43180852127795
"183"	3.51481088815876	3.07763198951221	2.03128050755962	1.37627661476941
"184"	3.23602046449422	2.97400760776756	2.06301199989089	1.72695992784734
"185"	3.4392012599358	2.52450168724827	2.36481607236722	1.67148098044871
"186"	3.33291646899982	2.78363664974247	2.33895376153868	1.54449311971904
"187"	3.36659250240197	2.84148382702669	2.22867332651564	1.5632503440557
"188"	3.51337452858124	2.64380700902149	2.31831285049148	1.52450561190579
"189"	3.30338187878622	3.08979772107251	2.22451294273972	1.38230745740155
"190"	3.74879434704219	2.64404701867163	2.09475207264526	1.51240656164092
"191"	3.72451574383565	3.136543436811	1.60079024836875	1.5381505709846
"192"	3.38400000219373	2.91360374680061	2.04319964161395	1.6591966093917
"193"	3.61534748578676	3.38401820854155	2.02849778044914	0.972136525222545
"194"	3.28571801387623	3.02521147896384	2.26988588753159	1.41918461962834
"195"	3.63921645506001	2.60539871185348	2.05892727214653	1.69645756093998
"196"	3.27933387674157	2.85077330011615	2.11894769862014	1.75094512452214
"197"	3.19611777302792	2.79365473942591	2.13912078276258	1.8711067047836
"198"	3.75962334021221	2.59646924389487	1.98147896237175	1.66242845352118
"199"	3.49560650197988	3.10273040722099	1.93334874659541	1.46831434420372
"200"	3.5378492512632	2.74972201017076	2.09880433017895	1.61362440838709
"201"	3.33670715552175	2.86053240818344	2.26647340399479	1.53628703230003
"202"	3.07119793669104	2.83374952784136	2.6447523136017	1.4503002218659
"203"	3.36161217926375	3.06705928936589	2.34932625819603	1.22200227317433
"204"	3.52786113059602	2.64268570318238	1.97270598194279	1.85674718427882
"205"	3.996360568912	2.37117558235454	2.10996533037607	1.52249851835738
"206"	3.83352334481653	2.51798054677216	2.23246110054637	1.41603500786494
"207"	3.48545904310401	3.30783875649184	1.70457015094088	1.50213204946327
"208"	3.68445158057308	3.26059840582504	1.605541422596	1.44940859100588
"209"	3.39206190774304	2.8806534203931	1.95108592927482	1.77619874258903
"210"	3.1872937620367	2.68482917105121	2.31571744811228	1.81215961879982
"211"	3.56628477318955	2.85955509429273	2.35381533271336	1.22034479980436
"212"	3.72168187931939	2.79488969554218	2.15160895945766	1.33181946568078
"213"	3.68113603769318	2.61432157372306	1.91331389653775	1.79122849204602
"214"	3.38231379214048	3.10635966857872	2.26664255913289	1.24468398014791
"215"	3.32777068973198	2.9973104602402	2.51612563909024	1.15879321093758
"216"	3.31265808643364	2.9844153792597	2.08846526190303	1.61446127240362
"217"	3.33889906770534	3.06705918228014	2.00328865090051	1.59075309911401
"218"	3.4875406728205	2.86476657322428	2.00435082620303	1.64334192775219
"219"	3.54852740580953	2.87538545339865	2.0048042479599	1.57128289283192
"220"	3.67326322494709	2.78344891786688	2.30971306296578	1.23357479422025
"221"	3.54801352224997	2.9050972348603	2.09736324966868	1.44952599322105
"222"	3.52827410706515	2.43568904906062	2.3032452451328	1.73279159874143
"223"	3.50047158016571	2.81734710248466	2.27042737592747	1.41175394142216
"224"	3.8344640724307	3.06483179209065	1.67992076542537	1.42078337005328
"225"	3.54051907236434	2.73782062529664	2.44449784594492	1.27716245639409
"226"	3.29904186947456	2.72786318153456	2.13810846194172	1.83498648704915
"227"	3.42437755348028	2.70131594294394	2.40158463376379	1.47272186981198
"228"	3.13644423213568	2.63553819854334	2.39985144296685	1.82816612635414
"229"	3.30242406767913	3.04540169170167	2.10646482780936	1.54570941280984
"230"	3.57556176064478	2.71336976141777	2.12884728640296	1.58222119153448
"231"	3.92048578563227	2.3392288796126	2.24502776880823	1.4952575659469
"232"	3.56780864365706	3.11516377378565	1.94010028968577	1.37692729287152
"233"	3.18557224435768	2.73388110871285	2.39878675994044	1.68175988698903
"234"	3.67239237299833	2.71682279626602	2.02093104205389	1.58985378868176
"235"	3.54545473520178	2.66106744490994	2.03604983529957	1.7574279845887
"236"	3.19434118288777	2.68652162307513	2.12438232122064	1.99475487281645
"237"	3.5722426970602	3.10193133991275	1.74747872748578	1.57834723554126
"238"	3.26845691522676	2.63921211235403	2.16886074520365	1.92347022721555
"239"	3.21021743946	2.98326200180099	2.29153487039327	1.51498568834574
"240"	3.3596613588506	2.97970283181228	2.51101448753904	1.14962132179808
"241"	3.38255963730934	2.8522341910798	1.94761952301345	1.81758664859741
"242"	3.34656185240115	2.92260490126101	1.91798560099636	1.81284764534148
"243"	3.69495251885833	2.65631152920023	2.33655597850552	1.31217997343592
"244"	3.66082240829397	2.9538068412441	2.16205313375071	1.22331761671123
"245"	3.27676669980642	3.12811382827852	1.93486327632422	1.66025619559084
"246"	3.55291116267004	3.03120495710747	2.00050714352562	1.41537673669688
"247"	3.10194034125566	2.81786228193527	2.38497808474595	1.69521929206312
"248"	3.30902464786144	2.78444171466873	2.25099687126746	1.65553676620237
"249"	3.84476289055514	2.89145510881347	1.89929041564184	1.36449158498956
"250"	3.01685854867894	2.79038038058603	2.28662334878367	1.90613772195136
"251"	3.27526371793873	2.5002306749239	2.24791820006687	1.9765874070705
"252"	3.34113374476355	2.76531223874071	2.17368747694962	1.71986653954613
"253"	3.07781570603561	2.65249078774075	2.42085073398832	1.84884277223532
"254"	3.48938971027119	2.6410225940008	2.31457248660673	1.55501520912128
"255"	3.44874644297113	3.14665473079738	1.75876893264247	1.64582989358902
"256"	3.41821172957724	2.54276771185748	2.23921592714176	1.79980463142352
"257"	3.25742368999637	2.59896263519723	2.24566761917633	1.89794605563006
"258"	3.60587526143713	3.07331980523967	2.0103260990667	1.3104788342565
"259"	3.30462970225125	2.98374072211304	2.22662093249589	1.48500864313981
"260"	3.1355990178461	2.6383043191004	2.19705748069493	2.02903918235857
"261"	3.0892377393904	2.9700069186815	2.31395573517692	1.62679960675119
"262"	3.48916320125683	2.60125308445886	2.34037043989858	1.56921327438572
"263"	3.09130895492842	2.7543959527112	2.59084325401989	1.56345183834049
"264"	3.65250556506343	3.17494849394609	1.86972259207002	1.30282334892047
"265"	3.40566141096835	3.12575376359418	2.19148431671241	1.27710050872506
"266"	3.50776325279709	2.75790574837913	2.12199269157303	1.61233830725075
"267"	3.03459573608148	2.89810327016405	2.23425406462311	1.83304692913136
"268"	3.8200261767202	2.83919781518722	1.97604580660543	1.36473020148714
"269"	2.94377293391511	2.82561525591774	2.58976993201754	1.6408418781496
"270"	3.05564224624953	2.90830561846817	2.18198079843925	1.85407133684305
"271"	3.13380939869967	3.03930332383022	2.18098886558256	1.64589841188755
"272"	3.57572053857954	3.00458572389568	1.86639435444084	1.55329938308394
"273"	3.52616294214792	3.2962048677324	1.89895862006074	1.27867357005894
"274"	3.08464445798403	2.96977428326194	2.10298072128331	1.84260053747073
"275"	2.94067086020897	2.83519300692094	2.42772760517059	1.7964085276995
"276"	3.44899475686662	2.60603584192311	2.27266286064631	1.67230654056397
"277"	3.43231413978176	2.89795964086844	2.09027939376922	1.57944682558057
"278"	3.28149639662161	2.89280437468899	2.13631690803536	1.68938232065404
"279"	3.65588467562642	2.69465290828	2.24407328249582	1.40538913359776
"280"	3.45822259711389	2.86510442499703	2.17174394196091	1.50492903592817
"281"	3.2560863117786	2.61967921497669	2.35581172352172	1.768422749723
"282"	3.41813957017081	2.61431296850008	2.27987786671045	1.68766959461866
"283"	3.38113032352128	2.90737087833753	2.05879537529799	1.65270342284319
"284"	3.31239118433827	3.09422696198527	1.9245487812768	1.66883307239965
"285"	3.81809425372252	2.49471730510239	2.08366661838575	1.60352182278934
"286"	3.49902697571813	2.81724739475873	2.14859048861713	1.535135140906
"287"	3.43474723527947	2.96680123629001	2.2281207289717	1.37033079945881
"288"	3.8538875517743	2.73434748150951	1.78265355190883	1.62911141480736
"289"	3.38754815207352	2.65499538128786	2.28300862811227	1.67444783852635
"290"	3.61871544444628	2.63779337949131	1.97538353686927	1.76810763919315
"291"	3.51010539169071	2.9459098835306	1.93273168986273	1.61125303491595
"292"	3.86012861351618	2.61220549782817	2.23758220275457	1.29008368590108
"293"	3.39710498932028	2.77439281589008	2.36365886981898	1.46484332497066
"294"	3.96344193910579	2.51172318374811	1.92993995834157	1.59489491880453
"295"	3.26822738400252	2.78411572559441	2.17885831672909	1.76879857367398
"296"	3.19818835364406	2.77206912425711	2.07522684822411	1.95451567387472
"297"	3.108791983233	2.63013990878292	2.23602967964509	2.025038428339
"298"	3.72560405263405	3.15753087429101	2.08581514299064	1.03104993008429
"299"	3.55464144259331	2.6032989321345	2.23297488239133	1.60908474288085
"300"	3.77105969059806	2.95349861877128	1.81864420021637	1.4567974904143
"301"	3.8072915076078	2.47778472331863	2.25283518479919	1.46208858427437
"302"	3.64335360389833	3.00497347332803	1.86292617732301	1.48874674545063
"303"	3.59315169020498	3.12273225201045	1.89268469130144	1.39143136648312
"304"	3.64861077429019	2.66986547953705	2.27870066145247	1.4028230847203
"305"	3.81526626496985	2.99702487153155	1.89288530961508	1.29482355388353
"306"	3.34376800069586	2.8594978328955	2.12425844614419	1.67247572026444
"307"	3.77966736556055	2.96530427070039	1.73984532304643	1.51518304069262
"308"	3.07190597570535	2.80393163576326	2.67498690140575	1.44917548712563
"309"	3.11885215167472	2.84559880342753	2.33497640696449	1.70057263793325
"310"	4.11331196701286	2.47645965567575	1.76626318566239	1.643965191649
"311"	3.49117578419597	2.51527011343046	2.37564796436986	1.61790613800371
"312"	3.71257668781556	3.21732178532631	1.64540888770334	1.42469263915479
"313"	3.683055854416	2.87592218172212	2.00318803458724	1.43783392927464
"314"	3.38279965286747	2.72331331265987	2.4110391993118	1.48284783516086
"315"	3.74077091521381	2.63992044435003	2.41757956192371	1.20172907851245
"316"	3.47900374656005	2.95894503460639	2.22421603068396	1.33783518814959
"317"	3.34887670175645	2.87979750852728	2.07400274176243	1.69732304795383
"318"	3.33456859453286	3.03905791350493	2.13399782044092	1.49237567152129
"319"	3.37956852638201	2.68184790495698	2.35891156166157	1.57967200699943
"320"	3.2835736540074	2.74309942741485	2.24760799594602	1.72571892263173
"321"	3.27830152941009	2.51093213391276	2.4814959887516	1.72927034792554
"322"	3.28977840419331	2.75933019544566	2.2770064583732	1.67388494198783
"323"	3.24129360492033	2.86348188977018	2.20044378056124	1.69478072474825
"324"	3.19063220061691	2.64913294236597	2.27620859442757	1.88402626258954
"325"	3.82355606978614	2.52771619194183	2.07819645122858	1.57053128704345
"326"	3.69696263674718	3.04549340775267	2.00383777878896	1.25370617671119
"327"	3.08829728948122	2.87231914757855	2.14773010728491	1.89165345565531
"328"	3.14346332788374	2.82383992546677	2.17065073494888	1.86204601170061
"329"	3.74433045718265	2.64261587675481	2.25222547682112	1.36082818924142
"330"	3.50536026105042	2.70487788691028	2.18694342176956	1.60281843026975
"331"	3.79980078818014	2.83527734269265	1.7661673220669	1.59875454706031
"332"	3.36943752551408	2.73926363575312	2.51582167819658	1.37547716053622
"333"	3.68530282588878	2.61137043909585	2.16627272353276	1.53705401148262
"334"	3.3245599186054	3.22249982058639	2.03870264591849	1.41423761488972
"335"	3.45725583988069	2.79299175694332	2.16099288928035	1.58875951389564
"336"	3.55012857786458	2.59543402677148	2.11766563259773	1.73677176276621
"337"	3.88335864798523	2.57040763828706	2.05411964741546	1.49211406631225
"338"	3.82830884202117	2.769123027406	2.27807494445054	1.12449318612229
"339"	3.57312251360645	2.64360006379891	2.09386206520633	1.6894153573883
"340"	3.11724948260458	2.94074251032143	2.46391108963741	1.47809691743658
"341"	3.47350867884709	2.89946228528939	2.26095420897458	1.36607482688894
"342"	3.42112085323255	2.84429841418965	2.06167947835337	1.67290125422443
"343"	3.33182002420681	3.01665815787366	2.34583811324154	1.30568370467799
"344"	3.7623442452183	3.13446285667436	1.73186646046976	1.37132643763758
"345"	3.24912366030518	2.81497346622831	2.10712249344075	1.82878038002576
"346"	3.3179485617122	2.77502541383096	2.34052278230369	1.56650324215315
"347"	3.68629331128759	2.93581999315212	1.87997255494332	1.49791414061697
"348"	3.64284453140417	2.81877828296284	2.21158623393643	1.32679095169656
"349"	3.47488432428597	2.92846932792824	2.027303919605	1.56934242818079
"350"	3.18528455427263	2.9812188873678	2.03536145786578	1.79813510049378
"351"	3.40875770998581	3.08679187512524	2.43606788784795	1.068382527041
"352"	3.26369879676342	2.70988804159385	2.33927312053539	1.68714004110734
"353"	3.13019696133107	2.59233719425299	2.35483448715209	1.92263135726385
"354"	3.44252789701721	3.13623385769318	2.05293833623622	1.36829990905339
"355"	3.49560134744229	2.57836693111582	2.32603439294611	1.59999732849578
"356"	3.59456685324121	2.77320404496974	1.99827069231531	1.63395840947374
"357"	3.35993330346446	3.13325605787112	1.93454548143271	1.57226515723171
"358"	3.71579271218493	2.98313622613395	1.78678198702738	1.51428907465374
"359"	3.45845669495117	2.79812716060725	2.54162433842205	1.20179180601953
"360"	3.63169845901849	3.15067689478913	2.03385600641335	1.18376863977903
"361"	3.31395528715028	3.0068736820368	2.17417671855344	1.50499431225948
"362"	3.09256186439803	2.91105932904812	2.2310549770603	1.76532382949355
"363"	3.77266990107744	2.89777369602354	1.82403534262443	1.5055210602746
"364"	3.21193296934287	2.58000687048104	2.19252365678149	2.0155365033946
"365"	3.78762785975746	2.59915864278922	2.40666113754131	1.20655235991201
"366"	3.43915475763106	2.75233342011379	2.06660121850867	1.74191060374648
"367"	3.2113855617096	3.13638346152449	2.00633965821425	1.64589131855167
"368"	3.41826679537259	2.98168707243309	2.17604330520636	1.42400282698796
"369"	3.21025030894219	2.68353520050126	2.34171128906216	1.76450320149439
"370"	3.419461580533	2.54538917844688	2.22488625493502	1.81026298608509
"371"	3.45915887383351	2.59631897327529	2.22586513321965	1.71865701967155
"372"	3.14653275923853	2.96829981098937	2.362371088997	1.5227963407751
"373"	3.60705166438339	2.96128353713351	1.96709678635693	1.46456801212617
"374"	3.21342245654415	2.90729083737773	2.59819875263334	1.28108795344478
"375"	3.21557887896144	2.9039862474114	2.43767226488077	1.44276260874639
"376"	3.43151642916882	3.08835036964305	2.03484573830267	1.44528746288546
"377"	3.59284900379087	2.85508369881722	2.41795349961014	1.13411379778177
"378"	3.65129566750321	2.69799531212999	2.02898134902579	1.62172767134101
"379"	3.50969696217648	2.92619743358283	2.19910396694124	1.36500163729944
"380"	3.30826747502979	2.88237720120259	2.53968138338833	1.26967394037929
"381"	3.23030699678347	2.93082145090423	2.00446624552188	1.83440530679041
"382"	3.11442445199393	2.80287402213704	2.55895951062686	1.52374201524218
"383"	3.49622807216708	2.8440192887184	1.97189678085285	1.68785585826167
"384"	3.36504903854915	2.91287868669594	2.04699932194132	1.67507295281359
"385"	3.31843320737531	2.75283861798931	2.3214164537955	1.60731172083989
"386"	3.57211688325811	2.71479360760786	2.09665953598041	1.61642997315363
"387"	3.60371635762147	3.31230577812912	1.74849286384792	1.33548500040149
"388"	3.40762229822294	2.93610723559843	2.53003470108871	1.12623576508992
"389"	3.31115060271938	2.70213626602003	2.31562637414503	1.67108675711556
"390"	3.09961176807788	2.84930610615431	2.29933180533044	1.75175032043737
"391"	3.25829882660046	2.56139152255251	2.27515692932122	1.90515272152581
"392"	3.36349100176001	2.73575278030038	2.15338726982193	1.74736894811768
"393"	3.26777858320586	2.81971911001943	2.53802096190431	1.3744813448704
"394"	3.17453605851237	2.71783382856195	2.48291012690439	1.62471998602129
"395"	3.58824888861763	2.61048172207129	2.25352585209633	1.54774353721475
"396"	3.01685110255677	2.77706025598058	2.45692494542013	1.74916369604252
"397"	3.25800598234301	2.50606900527043	2.17056864571736	2.06535636666921
"398"	3.57710978820294	2.98013044677867	1.92198061995047	1.52077914506792
"399"	3.68947943581717	2.66623431743331	2.30518241296033	1.33910383378918
"400"	3.1441017646052	2.79645977239244	2.55984549276805	1.49959297023431
"401"	2.88679955473456	2.76973867439132	2.62227324663762	1.7211885242365
"402"	3.83369314267907	3.2628946753148	1.62726490148645	1.27614728051968
"403"	3.06747468904511	2.8355034956304	2.35276091902418	1.74426089630031
"404"	3.54048488443243	3.05051424157125	2.24806489405848	1.16093597993784
"405"	3.32080485036406	2.68434277778441	2.35461560183939	1.64023677001214
"406"	3.02519188459826	2.57758159210453	2.51473151486462	1.88249500843259
"407"	3.81865762077571	3.18314262556181	1.79720636252193	1.20099339114055
"408"	3.33270216649645	2.80917514878183	2.26275652262499	1.59536616209673
"409"	3.09907958111506	2.62823597249255	2.39087288184007	1.88181156455231
"410"	2.92669581138258	2.82692615770642	2.3648654900755	1.8815125408355
"411"	3.13704877793057	2.82802670267807	2.35366603868182	1.68125848070954
"412"	3.40914726905872	2.48971798725576	2.36151472134604	1.73962002233948
"413"	3.39143656681691	2.59344954666395	2.38102734927748	1.63408653724166
"414"	3.25473993909462	2.93092242842582	2.15956634634107	1.65477128613849
"415"	3.60263400364889	2.94666067992415	1.98189403553195	1.46881128089501
"416"	3.76614379055304	2.78765609097713	1.9140655091952	1.53213460927463
"417"	3.15371762027443	2.48381577100887	2.37605365611813	1.98641295259858
"418"	3.41510217940808	2.98068218765652	2.1535397479454	1.45067588499
"419"	3.36761218339927	2.56339320884773	2.09696615845615	1.97202844929686
"420"	3.4322627232805	2.98271887792916	1.92824212183404	1.6567762769563
"421"	3.48140629776246	3.09868208528832	2.01099876716979	1.40891284977943
"422"	3.79363752022645	2.95267593043912	1.82618621592111	1.42750033341332
"423"	3.42434848245674	3.247045279541	1.91845460821352	1.41015162978875
"424"	3.24294953179649	3.12336919525773	2.29328555983024	1.34039571311554
"425"	3.35703757294303	2.79697649824068	2.55646533630536	1.28952059251094
"426"	3.53284188095652	3.08126067134372	2.05086629809489	1.33503114960486
"427"	3.84608934263001	2.82170735911801	1.78639630313243	1.54580699511955
"428"	3.33330238306759	2.82582993319518	2.65760713370805	1.18326055002918
"429"	3.4422824640578	2.95978261444603	2.00221957122254	1.59571535027362
"430"	3.42959446834714	3.05247931580688	2.02745632810386	1.49046988774212
"431"	3.44540121701046	2.86053790632981	2.27621576854699	1.41784510811274
"432"	3.3390855317299	2.94068516259865	2.17323175645774	1.54699754921372
"433"	3.53502534620789	3.20862628820199	1.85551636672009	1.40083199887003
"434"	3.50820177611164	2.50057940403981	2.35150722607845	1.6397115937701
"435"	2.87620289186805	2.64593599352285	2.48949277779217	1.98836833681693
"436"	3.0306705029629	2.96147617627139	2.30529662389853	1.70255669686718
"437"	3.27142987515613	2.78759846427052	2.28016252494212	1.66080913563123
"438"	3.22054896532728	2.53493523608475	2.36933378764478	1.87518201094319
"439"	3.30830658730768	2.86701937073716	2.28497215858284	1.53970188337232
"440"	3.48051830363811	2.78309027888781	2.02958399111836	1.70680742635572
"441"	3.15728923597229	3.03145078829717	2.05266380682194	1.7585961689086
"442"	3.2997598825521	2.68905794198636	2.57283430165202	1.43834787380951
"443"	3.49875315725084	2.71840136350995	2.19251061317638	1.59033486606283
"444"	3.4981557284793	2.71335692831072	2.00173088874563	1.78675645446436
"445"	3.67314837285212	2.58077518589314	2.33704113340857	1.40903530784617
"446"	3.57253848593077	3.0760411400822	2.00679005333223	1.34463032065481
"447"	3.48283755644529	2.84531024818803	2.03595051915556	1.63590167621113
"448"	3.06287811320634	2.82184615421979	2.34965112781273	1.76562460476114
"449"	3.47325010302674	2.97541311512666	2.02877764552861	1.52255913631799
"450"	3.29324419093549	2.9138524287362	2.19909619406329	1.59380718626502
"451"	3.56974257845318	2.7565606619689	2.17079524191546	1.50290151766245
"452"	3.30370122060864	2.67639695654354	2.39156324783028	1.62833857501754
"453"	3.59359287422636	3.29246075870305	1.93141708965195	1.18252927741864
"454"	3.59091743247064	2.63484357073012	2.26158033561521	1.51265866118403
"455"	3.56822064189165	3.25138371252185	1.93782979164195	1.24256585394455
"456"	3.72969699559453	2.80444082938473	1.98011843158102	1.48574374343972
"457"	3.08945420538093	2.86960005973219	2.0475494403295	1.99339629455739
"458"	3.45984844088683	2.66263831739261	2.07469577644885	1.8028174652717
"459"	3.57428150376142	3.29910361413772	1.87195737715563	1.25465750494522
"460"	3.81155181182657	2.64894553880087	2.30708365650294	1.23241899286962
"461"	3.24092201569517	2.67691832323568	2.37822780621819	1.70393185485096
"462"	3.53524163474217	3.10550730145673	1.77813962425338	1.58111143954771
"463"	3.21613697477436	2.80571339401055	2.39107073132369	1.5870788998914
"464"	3.67473099590929	2.54913875998558	2.22310124642544	1.5530289976797
"465"	3.14107322743781	2.80965606092355	2.33579598935307	1.71347472228557
"466"	3.86805440153909	2.7754346603875	2.01618894036608	1.34032199770733
"467"	3.2329722333672	3.0302550220758	2.73680468158481	0.999968062972198
"468"	3.45019079709454	2.7155179677037	2.594800466283	1.23949076891876
"469"	3.70827966849871	2.64699030620662	2.26336961396034	1.38136041133433
"470"	3.86811062469325	2.80072776462192	1.79622964046532	1.53493197021951
"471"	3.13609761021149	2.91880153839654	2.26422217606173	1.68087867533024
"472"	3.31023480170966	2.94101094152341	2.31964613917662	1.42910811759032
"473"	3.63255040679299	3.02665255756618	1.93342412422098	1.40737291141985
"474"	3.4449644790394	2.61850139227691	2.43737365146957	1.49916047721412
"475"	3.34084720304613	3.10694157964017	1.99700212725889	1.55520909005482
"476"	3.68782114891264	2.90181042774695	1.96525445575447	1.44511396758594
"477"	3.40867917791616	2.64838665745247	2.40666403921937	1.536270125412
"478"	3.32701324974686	2.77856569549168	2.09257040030602	1.80185065445544
"479"	3.29267208159455	3.02820482044447	2.28123804722146	1.39788505073951
"480"	3.74104159894685	2.97021946158651	1.84847150754481	1.44026743192183
"481"	3.69924552820598	2.85554060467676	2.10422483600547	1.3409890311118
"482"	3.65952643230542	2.57049445038797	1.96232715041892	1.80765196688769
"483"	3.82973916951257	2.77555498025461	2.04929606120773	1.34540978902509
"484"	3.62343388720195	2.82587796316694	1.89899813710936	1.65169001252174
"485"	3.7913073646603	2.88150159486468	1.87771895278562	1.4494720876894
"486"	3.21403124729943	2.63833997154988	2.25372095895198	1.89390782219871
"487"	3.17507677192361	2.81439049407169	2.32007930155769	1.69045343244701
"488"	3.27592013070521	2.89214482703255	2.15748167463661	1.67445336762562
"489"	3.95467439563511	2.67575415919568	1.86118941939422	1.50838202577499
"490"	3.61126272356924	2.78289812181467	2.03507230415288	1.57076685046321
"491"	3.19180308105469	2.70599551763367	2.52881985029551	1.57338155101612
"492"	3.05802698544308	2.50458025343131	2.46298712366358	1.97440563746204
"493"	3.48640438284288	2.86855212181408	2.19935607927358	1.44568741606946
"494"	3.28345739181569	2.9732742711878	2.2826884952967	1.46057984169981
"495"	3.11160509897857	2.78965689882936	2.3771357298672	1.72160227232487
"496"	3.35773585312376	3.12458248761436	2.09324181210809	1.42443984715379
"497"	3.31285056267828	3.04236169881685	1.8797917825048	1.76499595600007
"498"	3.15285994595391	2.62376645922014	2.27386182675139	1.94951176807457
"499"	3.32576203736849	2.63478976666717	2.29260108922973	1.74684710673461
"500"	3.36686353981329	2.72555487948634	2.12099437962582	1.78658720107455
"501"	3.25755332364533	2.66716295323895	2.23534137357044	1.83994234954528
"502"	3.60641299187649	2.8325820608254	2.38387854570018	1.17712640159793
"503"	3.52816242330263	2.94026852381505	2.12815210684326	1.40341694603905
"504"	4.01396672899359	2.71353540014985	2.0772181000097	1.19527977084685
"505"	3.17262742435543	2.83787563556225	2.54172448609826	1.44777245398407
"506"	3.2006380772938	2.99122606917895	2.21393188866259	1.59420396486465
"507"	3.26505715313138	3.00652980578247	2.26547866034739	1.46293438073876
"508"	3.17943748158308	2.73375335408867	2.6552242409272	1.43158492340105
"509"	3.60854782419842	2.54177698045195	2.36850847670673	1.4811667186429
"510"	3.37971173786616	2.59464993032274	2.17975683679481	1.84588149501629
"511"	3.37715904906215	2.86284322118216	2.1878778713324	1.57211985842329
"512"	3.45240020634049	2.7442947891139	2.22566090303248	1.57764410151313
"513"	3.22196184106224	2.77567329740531	2.27261411883822	1.72975074269423
"514"	3.61480217190192	3.17527731406973	1.83950061123321	1.37041990279513
"515"	3.57940945252336	2.96768709632973	2.50775390376975	0.945149547377167
"516"	3.20218031671186	2.9010522553952	2.14419306573515	1.7525743621578
"517"	3.56736721057502	2.60645526994053	2.2056921491506	1.62048537033384
"518"	3.20780778817617	2.83768938875877	2.29573507170104	1.65876775136402
"519"	3.79070241272681	2.73455022487953	2.15504991437464	1.31969744801902
"520"	3.40156259031183	2.92220959603843	2.42527064852778	1.25095716512195
"521"	3.86023925138805	2.97507483710717	1.93826571876385	1.22642019274094
"522"	3.33256338621797	2.64692400688671	2.44669087340606	1.57382173348926
"523"	3.47881163604324	2.81254495931535	2.17997950924937	1.52866389539204
"524"	3.38767856383131	3.24482487829245	2.16765977425671	1.19983678361953
"525"	3.57777161758706	3.11813366629604	2.26181285069865	1.04228186541826
"526"	3.26622870883272	3.01528319260934	2.1608486870965	1.55763941146144
"527"	3.77198193567699	2.63203163674597	2.24054815132715	1.35543827624989
"528"	3.11157572904535	2.73462743876963	2.35027491786091	1.80352191432412
"529"	3.14979578620284	2.85461300060965	2.29554766855491	1.70004354463261
"530"	3.6738396596047	3.05515268831621	1.94189409916062	1.32911355291847
"531"	3.08562903825622	2.83897004418233	2.38952925354015	1.6858716640213
"532"	3.10910510943206	2.8761676707571	2.20628850022673	1.80843871958411
"533"	3.49257640894512	2.46705475768124	2.22297096002355	1.81739787335009
"534"	3.57171039345447	2.91309063362998	1.81605140665358	1.69914756626197
"535"	3.0044967415384	2.57030292191275	2.29375547748165	2.13144485906719
"536"	3.51487143829751	2.96197579355381	2.13448161833633	1.38867114981235
"537"	3.24058916238781	2.67900067815303	2.47850679700357	1.6019033624556
"538"	3.40275770326554	2.76383220365454	2.44090363308688	1.39250645999304
"539"	3.5282632026322	3.03424109203721	2.04460636013807	1.39288934519252
"540"	3.25166130305849	2.8127679591349	2.22632042079544	1.70925031701117
"541"	3.50419311006401	2.98570051175279	2.17345235245131	1.33665402573189
"542"	3.67836292803701	2.76811600721248	2.12435920931018	1.42916185544033
"543"	3.25211868004159	2.74747617560557	2.41254239054367	1.58786275380917
"544"	3.25664607630676	2.65074123246838	2.28537044199328	1.80724224923158
"545"	3.27893416823317	2.68632579989762	2.375177209169	1.6595628227002
"546"	3.59157904747217	3.21308297187304	1.79050129591211	1.40483668474268
"547"	3.42763001491331	2.73286535456688	2.09007962082174	1.74942500969807
"548"	3.74363004441343	2.60887465301434	2.04508902844379	1.60240627412844
"549"	3.42090179757133	2.99878888457478	1.97835918335303	1.60195013450086
"550"	3.57218295073641	2.67998292127624	2.50694676545912	1.24088736252823
"551"	3.70959289473956	2.98180272210096	1.91349013956067	1.39511424359881
"552"	3.73254428667975	2.50421940930261	2.15676182363117	1.60647448038647
"553"	3.84120547297584	2.3664814802119	2.18347181432088	1.60884123249138
"554"	3.13397693127407	2.82291951468208	2.4126523585308	1.63045119551306
"555"	3.68523666162577	3.24477266412517	1.95135122826889	1.11863944598017
"556"	3.25569533064393	2.6509004457399	2.34949087743689	1.74391334617929
"557"	3.91958153891121	2.53128109866962	2.08568940295627	1.4634479594629
"558"	3.95147354583428	2.88005164026731	1.74367330251335	1.42480151138505
"559"	3.23538221367897	2.65249756646604	2.07068170195127	2.04143851790372
"560"	3.77467529978647	2.99664508624334	1.9909689253257	1.23771068864448
"561"	3.18935959279281	3.03579914821975	2.27361094133992	1.50123031764753
"562"	3.75082312320489	2.97054309993383	1.94353724306965	1.33509653379163
"563"	3.51731236771221	2.94922909360622	2.28056177446675	1.25289676421483
"564"	3.69575943339792	3.05122303431176	1.9666338527894	1.28638367950091
"565"	3.8674665436818	2.69641634588195	2.1796462341992	1.25647087623706
"566"	3.55790188875593	2.8522335614838	2.46613737690837	1.1237271728519
"567"	3.26620494362882	2.77432825739227	2.16807241213956	1.79139438683936
"568"	3.78186704927219	2.60299059406157	2.25003252806814	1.3651098285981
"569"	3.29145069665883	2.77700439021442	2.12962072312366	1.80192419000309
"570"	3.61652594517477	2.81690741314409	2.06793714015298	1.49862950152816
"571"	3.62409834869612	2.58095253844619	2.2909900118651	1.50395910099259
"572"	3.53853603824395	2.76011431022208	2.05742332332831	1.64392632820566
"573"	3.21098490423491	2.76522077833009	2.14617264363077	1.87762167380423
"574"	3.64299315987633	3.15794614958163	1.88104222678439	1.31801846375765
"575"	3.1430941658783	2.63072531521453	2.36106739668209	1.86511312222509
"576"	3.71405431844962	2.99584802984957	2.006824504912	1.2832731467888
"577"	3.4413776653472	2.90262246256919	1.95436433929071	1.7016355327929
"578"	3.4564713298415	2.80406287216632	1.95363915932008	1.7858266386721
"579"	3.30358076702634	2.46198035711197	2.32542895121557	1.90900992464612
"580"	3.25090875517695	2.7895629457122	2.15434077400566	1.80518752510519
"581"	3.32666042017486	2.74490287943232	2.1408028153664	1.78763388502642
"582"	3.58398560112253	2.96685378340667	2.11525242250194	1.33390819296887
"583"	3.41913499737728	2.55511965228204	2.24896432762477	1.77678102271591
"584"	3.58608687055527	2.99137139893385	2.08366955193649	1.33887217857438
"585"	3.42451435867868	3.01109866791186	2.33311669217539	1.23127028123407
"586"	3.16998410419469	2.88427297561914	2.25396651789147	1.69177640229469
"587"	3.14858001279581	2.72954236548259	2.53263394546961	1.58924367625199
"588"	3.64590715567037	2.95247763144873	1.93873519184257	1.46288002103833
"589"	3.71448493532081	3.00108556325368	1.98897840748518	1.29545109394033
"590"	3.24532570150251	2.50170241025658	2.34882418497505	1.90414770326585
"591"	3.4825210052848	3.00272480875539	1.83593041458579	1.67882377137402
"592"	3.50641786794394	2.50411631273912	2.00270884454535	1.9867569747716
"593"	3.26109266254579	2.78983082552439	2.43401853567307	1.51505797625674
"594"	3.73756857595926	3.04645803163509	2.08976549251005	1.12620789989561
"595"	3.69810821887786	2.8235524006006	2.1931238981777	1.28521548234384
"596"	3.75848916806283	2.53292653522314	1.98061669655063	1.7279676001634
"597"	3.0085503247102	2.68100731856797	2.49499045931726	1.81545189740457
"598"	3.18050348523852	2.78135043906275	2.26470713051103	1.7734389451877
"599"	3.62687849213176	2.94241779828248	2.01833774722654	1.41236596235921
"600"	3.68385032094214	2.68625808386482	2.08269882937911	1.54719276581393
"601"	4.06519015224828	2.63526692273824	1.98009392057327	1.31944900444021
"602"	3.45846914437507	2.56679802551043	2.35626135771848	1.61847147239601
"603"	3.46209399106121	2.97585406178255	1.9836960768884	1.57835587026784
"604"	3.48103899842251	2.70275548057339	2.510450703838	1.3057548171661
"605"	3.33168299095116	2.88205980271872	2.3085693543941	1.47768785193603
"606"	3.23166753258598	2.78567832119168	2.32075094289593	1.6619032033264
"607"	3.19152657215547	3.01295036007335	2.06037089213006	1.73515217564112
"608"	3.04442135678115	2.83646340839929	2.2333371114214	1.88577812339816
"609"	3.30878724920749	3.01544249320285	2.09727434437086	1.5784959132188
"610"	3.41827243735923	2.72632386960098	2.228251451132	1.62715224190779
"611"	3.22499154710685	2.91205840310687	2.10701855640275	1.75593149338353
"612"	3.37066905750391	3.04667112658182	1.94910278946568	1.63355702644859
"613"	3.51861031227327	2.75806812339449	2.30078980197368	1.42253176235855
"614"	3.36711285571362	2.74405339589319	2.29485538533302	1.59397836306017
"615"	3.24024080094448	2.82329178671482	2.03664222325181	1.89982518908888
"616"	3.39697016762611	2.61237230344247	2.35365358172161	1.63700394720982
"617"	3.41516656147862	2.57164030978356	2.41434324143167	1.59884988730615
"618"	3.19330479021161	2.59186222037068	2.47450070494615	1.74033228447156
"619"	3.66228729895567	2.54410185688688	2.15022484866532	1.64338599549213
"620"	3.42666626307999	2.68552550140757	2.1391456230696	1.74866261244284
"621"	3.16962730174947	2.94560239156619	2.45193142634213	1.43283888034221
"622"	3.76961180902268	2.92138573606811	1.82912019582611	1.47988225908311
"623"	3.37893035534121	3.26289836220879	1.98610935168323	1.37206193076676
"624"	3.60310634591702	2.45581482646981	2.18614857239007	1.7549302552231
"625"	3.72331068853509	2.55332178337888	2.29122351469641	1.43214401338961
"626"	3.31166802900934	2.58323920111077	2.19535667095383	1.90973609892606
"627"	3.16808284609665	2.51571490793028	2.34443857427806	1.97176367169501
"628"	3.61481574951766	2.80183986322541	1.86201614929418	1.72132823796275
"629"	3.32830807204999	2.84538327357964	2.07924989418495	1.74705876018541
"630"	3.50225540301023	3.03708640402224	1.90833200444137	1.55232618852616
"631"	3.42915315361877	2.74275866508656	2.31855382063682	1.50953436065784
"632"	3.1933862052927	2.9614256227152	2.27518284062102	1.57000533137108
"633"	3.42496560577531	2.89077398815919	2.59027430799845	1.09398609806706
"634"	3.52740368113884	2.67108614583187	1.98889754068958	1.81261263233971
"635"	3.09321566317707	2.81489648263605	2.23543799456782	1.85644985961906
"636"	3.71120028923483	2.5767521721988	2.1148995452335	1.59714799333288
"637"	3.32498528163474	3.03397524034584	2.37044465728038	1.27059482073904
"638"	3.7846169224799	2.46127025204056	1.96992261972341	1.78419020575613
"639"	3.76210283899655	3.43041756716096	1.68913638130818	1.11834321253431
"640"	3.79442635585378	2.81977442799234	2.19388106924139	1.19191814691249
"641"	3.56818489989389	2.64813328738418	2.0651369023458	1.71854491037613
"642"	3.24056720527384	2.55698207713503	2.21620858402789	1.98624213356324
"643"	3.20096696785288	2.70061229704404	2.524262926815	1.57415780828808
"644"	3.67599259829256	2.78758878105905	2.03150228179769	1.50491633885069
"645"	3.57773474559504	3.10444117625594	2.08953846140639	1.22828561674264
"646"	3.53059729736771	2.89027476745264	2.17109141932525	1.4080365158544
"647"	3.45124045774727	2.39204398718223	2.19860313692879	1.95811241814171
"648"	3.25651620986411	2.76873391139855	2.2700965954797	1.70465328325763
"649"	3.07624690438817	3.04211549057466	2.5479451501044	1.33369245493277
"650"	3.64374861311466	2.7084854516084	1.96405239949945	1.68371353577749
"651"	3.36506690119893	2.69719059613623	2.36653534723386	1.57120715543098
"652"	3.4421151419944	2.83812811185381	1.95171021780725	1.76804652834454
"653"	3.55814781896495	2.68985096615922	2.24770975634982	1.50429145852601
"654"	3.35067776807574	2.85042589629074	2.36046931786209	1.43842701777144
"655"	3.28530825351863	3.08732861986089	2.34020737201286	1.28715575460762
"656"	3.26571657973029	2.99049516208532	2.3232725449984	1.42051571318598
"657"	3.71808512074947	2.91593966888157	1.90385604068805	1.46211916968091
"658"	3.54822692170122	2.809330644132	2.11622597736832	1.52621645679846
"659"	3.57072743268797	2.70087961342794	2.35143734591194	1.37695560797215
"660"	3.51804593971268	3.11487475874924	1.75673919054164	1.61034011099643
"661"	3.33947227505958	3.19397701904657	2.27600191895549	1.19054878693836
"662"	3.66602689756103	3.04663227979171	1.89358024878461	1.39376057386266
"663"	3.52591829432529	3.13325506435779	2.07609283924054	1.26473380207638
"664"	3.00922676819673	2.88116937811179	2.30084599527984	1.80875785841163
"665"	3.24040706777559	2.95279786724294	2.19988768233442	1.60690738264705
"666"	3.65357924058222	2.7186802851199	2.03821406126321	1.58952641303467
"667"	3.57071543320246	3.07767841523524	1.86341200200657	1.48819414955573
"668"	3.18313568028104	3.05797151985258	2.40980151559298	1.3490912842734
"669"	3.63255503243096	2.9021829222273	2.23202888003406	1.23323316530767
"670"	3.42188238662415	3.06936220265396	2.03296071736279	1.47579469335911
"671"	3.31010535596052	2.91252906590031	2.60666114255152	1.17070443558765
"672"	3.13928103803422	2.70594805579477	2.40221181068409	1.75255909548692
"673"	3.40707864651606	2.80468878146994	2.09362761267391	1.6946049593401
"674"	3.44859942572753	2.58732932320029	2.26128444616252	1.70278680490966
"675"	3.58761110846559	2.85578369915327	2.00837642321969	1.54822876916145
"676"	3.32005320487613	3.00523174738052	2.33395024823147	1.34076479951187
"677"	3.58242576175047	2.70926202783148	2.08369716362968	1.62461504678837
"678"	3.43300760854399	2.82719461110786	2.26263296469254	1.47716481565561
"679"	3.8730354445026	3.02289581195521	2.00953524472896	1.09453349881323
"680"	3.23877417587396	2.9272955682013	2.55360572457273	1.28032453135201
"681"	3.63248354571885	2.58539398019432	2.41287315541145	1.36924931867538
"682"	3.93773290975938	2.5080002790352	1.99120685665845	1.56305995454697
"683"	3.01169366881931	2.97865966180351	2.35532225164655	1.65432441773063
"684"	3.94396977610491	3.03914436062197	1.76467218667141	1.25221367660171
"685"	3.54361626672912	2.81021585305874	2.21639924641528	1.42976863379686
"686"	3.20791566775197	2.96699817684809	2.12860700766421	1.69647914773573
"687"	3.10644984339205	2.66988850666961	2.47780089562086	1.74586075431748
"688"	3.87709786407628	2.67434968661589	2.00770050911286	1.44085194019496
"689"	3.10083566781025	2.57462995839284	2.37579499984684	1.94873937395007
"690"	3.22018313844377	2.97088536622093	2.27245413810441	1.53647735723089
"691"	3.29746909095006	2.66434467738104	2.58657528683329	1.4516109448356
"692"	3.42758334819241	3.09892470470932	2.0183189274378	1.45517301966048
"693"	3.58771854753261	3.12681603796999	1.94382909593958	1.34163631855782
"694"	3.58511713290066	2.79626050179135	2.16902160861056	1.44960075669743
"695"	3.63216247697094	2.6923156511691	1.97848066518474	1.69704120667523
"696"	3.57489548494807	2.42810828202177	2.38595230636953	1.61104392666062
"697"	3.14900516086509	2.86047525344172	2.28667990354919	1.703839682144
"698"	3.19211004590277	2.92564495443887	2.34202469101948	1.54022030863888
"699"	3.096027703759	2.65980009652043	2.58705840826637	1.65711379145419
"700"	3.54679598262312	2.7915778172889	2.30133718945755	1.36028901063043
"701"	3.52922692933053	2.92305760233161	2.50058322606926	1.04713224226861
"702"	3.30319185257589	2.81766067577813	2.33751572939304	1.54163174225295
"703"	3.37254325909078	2.84855248506674	2.28741600867362	1.49148824716886
"704"	3.29495455906564	2.82547422413556	2.21864313536823	1.66092808143058
"705"	3.78860433392435	2.84390307315371	1.98670435355282	1.38078823936912
"706"	3.47954667590944	2.79986794593745	2.19508645412699	1.52549892402611
"707"	3.60150082432175	2.76306106494402	2.24187176913197	1.39356634160225
"708"	3.25155597535347	2.83092377627104	2.49937573755161	1.41814451082388
"709"	4.05811158275773	3.24324122108203	1.46219543829158	1.23645175786866
"710"	3.11302801343127	2.74457267689197	2.26489379667001	1.87750551300675
"711"	3.30398691984537	2.84308027438461	2.32065108766762	1.53228171810239
"712"	3.35724683827511	2.83948054323063	2.1364729641953	1.66679965429896
"713"	3.34575573897298	3.11715726955694	2.40078609722506	1.13630089424502
"714"	3.14091541855397	2.80968372592204	2.38521427273125	1.66418658279274
"715"	3.28278278639944	2.71031196924708	2.37507297550164	1.63183226885184
"716"	3.41099238911403	2.81889687122737	2.27396966802534	1.49614107163325
"717"	3.14897972575569	2.59451808959192	2.46055292347985	1.79594926117254
"718"	3.27118571652568	2.48735249248357	2.44788971414834	1.79357207684241
"719"	3.68303960066036	2.64257091651328	2.19056673610147	1.48382274672489
"720"	3.54946633940359	2.73833073504265	2.17183763194614	1.54036529360763
"721"	3.24293026040737	2.63811741878092	2.52494265047314	1.59400967033856
"722"	3.559719759902	2.78708460793419	2.49073393179514	1.16246170036866
"723"	3.22957651349622	2.76762900033693	2.177197788089	1.82559669807785
"724"	3.4724825075454	2.91932729484411	2.00196536346268	1.60622483414781
"725"	3.25681238785814	2.60842317089088	2.10765636591281	2.02710807533816
"726"	3.82221399459503	2.23697400053764	2.03222909122657	1.90858291364076
"727"	3.67766847217865	2.55630625430399	2.28306448808729	1.48296078543006
"728"	3.08657323279084	2.78119862438935	2.17466150238547	1.95756664043435
"729"	3.32719927927362	2.94373477122904	2.4587156493987	1.27035030009864
"730"	3.4160894671736	3.21226478065138	2.19870231869754	1.17294343347747
"731"	3.62757499442483	2.61692144911618	2.36416664389907	1.39133691255991
"732"	3.62361745944651	2.66657843642684	2.05819009904299	1.65161400508366
"733"	3.02987277784801	2.86275845950632	2.31309619298938	1.79427256965629
"734"	2.98566110873056	2.94260781052261	2.71033130682078	1.36139977392605
"735"	3.46881563137431	3.13823307278045	1.92127462996978	1.47167666587547
"736"	3.75218895119582	2.75635323534098	2.25823261594649	1.23322519751671
"737"	3.52284208019324	2.72819887380973	2.04853028925356	1.70042875674347
"738"	3.63996411073436	2.91758547993047	1.97897247041631	1.46347793891886
"739"	3.29272801693699	2.73945789108849	2.24590565852529	1.72190843344923
"740"	3.45015952526345	2.84636396251515	2.14188778979773	1.56158872242367
"741"	3.36553527547861	2.86929420630326	2.32231775976917	1.44285275844896
"742"	3.48518225441548	3.08150533661731	1.88415281968005	1.54915958928716
"743"	3.19878886605112	2.97688189321677	2.35594816139446	1.46838107933765
"744"	3.67089659302227	2.43310479955145	2.1363873124562	1.75961129497009
"745"	3.5155055401334	2.63810508327573	2.30251422600911	1.54387515058175
"746"	3.89392940478921	3.05171857159902	1.98752007755526	1.06683194605651
"747"	3.26044297048571	2.58726316344411	2.54168484873119	1.61060901733899
"748"	3.29051247313658	2.76382841105933	2.15069791967123	1.79496119613286
"749"	3.21273577397951	2.903696167447	2.33849174935054	1.54507630922295
"750"	3.88199582828586	2.91734051736462	1.87729930513059	1.32336434921893
"751"	3.32771314624091	2.63058464137211	2.25172867176389	1.7899735406231
"752"	3.59007202831816	3.1667619163522	1.94201659602715	1.30114945930249
"753"	4.1078119555649	2.63373895810575	1.68347029461617	1.57497879171318
"754"	3.60451253663887	3.04425199551314	2.10353744043291	1.24769802741509
"755"	3.67818966849561	2.94308918586579	2.04725980980657	1.33146133583204
"756"	3.89277511092949	3.17429353140328	1.77301452278129	1.15991683488595
"757"	3.42209151635124	2.53123721529771	2.12330687540703	1.92336439294402
"758"	3.15942555529656	2.74737178022984	2.31189999498753	1.78130266948608
"759"	3.61025318735172	2.97698720115228	2.40771831349542	1.00504129800059
"760"	3.86645819141315	2.64135513481479	1.93095400256717	1.56123267120489
"761"	3.53241775008972	2.61171254998799	2.12217701416662	1.73369268575567
"762"	2.92018777476512	2.66754418524013	2.27318259093327	2.13908544906148
"763"	3.09359642029622	2.572233787696	2.20197675110048	2.1321930409073
"764"	3.32155724700031	2.73616461585676	2.3321452273784	1.61013290976453
"765"	3.14089882221355	3.02661816550384	2.11487451997476	1.71760849230785
"766"	3.50168263929935	2.77830849628482	2.39506308373473	1.32494578068111
"767"	3.1455699580592	2.8106026771305	2.44671644629756	1.59711091851274
"768"	3.23506122871991	2.87767732546846	2.49635216106626	1.39090928474537
"769"	3.23434732259298	2.53479609558873	2.29193197763267	1.93892460418562
"770"	3.89192014195016	3.23882046146994	1.53608018115379	1.3331792154261
"771"	3.26183138555706	3.16240973804343	2.00114335668649	1.57461551971301
"772"	3.52400058945697	2.62746940372588	2.13634204614322	1.71218796067393
"773"	3.89039768794283	2.63290448348501	1.82254462320345	1.65415320536871
"774"	3.90813692307584	2.48583465670172	1.99361795753876	1.61241046268369
"775"	3.12892384559608	2.79558294892221	2.32614561123191	1.74934759424981
"776"	3.78293684435192	3.19113234729978	1.71577594361625	1.31015486473205
"777"	3.28821000803229	2.75770426130347	2.56950330026274	1.38458243040151
"778"	3.22674094595924	2.65212551573926	2.29766107287734	1.82347246542415
"779"	3.60328430905371	3.16656294569554	1.76983947244607	1.46031327280468
"780"	3.0522662478576	2.68577492591139	2.23060412799636	2.03135469823465
"781"	3.59946922425036	2.72044383508525	2.18548769368458	1.49459924697981
"782"	3.32993939105774	2.86881205803126	2.02575573794685	1.77549281296415
"783"	3.50983044339696	2.9485686832112	2.02818903710599	1.51341183628584
"784"	3.55491520813627	3.24100900477672	1.89976919550596	1.30430659158104
"785"	3.07706797680852	2.97853644483633	2.14853259964297	1.79586297871218
"786"	3.03142422986791	2.92056519413977	2.29385236944221	1.75415820655011
"787"	3.27215071396569	2.46108657176561	2.25379904936589	2.0129636649028
"788"	3.13620725515247	2.87109924980688	2.2512226300573	1.74147086498336
"789"	3.35672592339862	2.99052553080394	2.27526759281928	1.37748095297816
"790"	3.54557693204591	2.9662363750888	1.84733341078229	1.640853282083
"791"	3.12956520865274	2.8824946613528	2.61354485724749	1.37439527274697
"792"	3.29574555230432	2.9763033159056	2.20441332823708	1.52353780355301
"793"	3.45553172034716	2.560590416875	2.45596904282653	1.52790881995131
"794"	3.46263719962998	2.97162270946541	1.85952574795452	1.70621434295009
"795"	3.53111941849685	3.2583547121504	1.87730596330305	1.33321990604969
"796"	3.63330939744614	2.70945806330098	2.0684394662769	1.58879307297598
"797"	3.9634956298932	2.55918814861784	2.17751616236697	1.29980005912199
"798"	3.30422895454857	2.76607556349944	2.32966263661815	1.60003284533385
"799"	2.95964864034099	2.78592490408701	2.44000218622452	1.81442426934748
"800"	3.20157056255644	2.97066255626041	2.35520992735015	1.47255695383299
"801"	3.78626542974169	2.42275819407434	2.23034225300855	1.56063412317541
"802"	3.52452199336	2.7402607658017	2.27722830556383	1.45798893527447
"803"	3.3303041520509	3.08201361679923	1.85266788803083	1.73501434311904
"804"	3.54858131348717	2.92482948488486	1.95357521913212	1.57301398249585
"805"	3.59156005023821	2.82690488746926	2.16467775705828	1.41685730523426
"806"	3.33224633934046	2.59074571012809	2.38946771855334	1.68754023197812
"807"	3.79795915875225	2.57313020879987	1.96546748689976	1.66344314554812
"808"	3.48714856083741	2.80643583237501	2.06478509107985	1.64163051570772
"809"	3.5555984260349	2.60925787024059	2.36595657506078	1.46918712866373
"810"	3.75749952195724	2.76601522049321	2.09235372388992	1.38413153365963
"811"	3.50005700386477	2.69637676607477	2.19910981373577	1.60445641632469
"812"	3.55811423494292	2.79010631949748	2.16110880386095	1.49067064169866
"813"	3.03746923631465	3.00129017635648	2.16798539483257	1.7932551924963
"814"	3.34381391596979	2.60663914225087	2.48601595715211	1.56353098462723
"815"	3.61995469066108	2.73687303125101	2.22491466362738	1.41825761446053
"816"	3.34304894748545	3.10459326779261	2.12259155800568	1.42976622671626
"817"	3.11384813701304	2.99793536588023	2.08424414761365	1.80397234949309
"818"	3.59496101430391	2.84925843608426	2.05937044799623	1.4964101016156
"819"	4.07881056551608	2.7188219820016	1.94410661471721	1.25826083776511
"820"	3.43735090236085	2.59470055358536	2.20693640240902	1.76101214164477
"821"	3.59138524260443	3.10690895916947	1.76712605366713	1.53457974455898
"822"	3.53016643298811	3.20113310583618	1.71343871644939	1.55526174472633
"823"	3.55589215033402	2.86204193274708	2.178628217552	1.4034376993669
"824"	3.86002906226151	3.19053730116739	1.87283976968009	1.07659386689101
"825"	3.49937849140625	2.71557791375383	2.02740314931159	1.75764044552832
"826"	3.58497173040412	2.76835177978698	2.09196934359523	1.55470714621367
"827"	3.35426531253272	2.9325363139177	2.01601748083345	1.69718089271614
"828"	3.71833534921249	2.60711718634204	2.03560632477719	1.63894113966828
"829"	4.00902374461559	2.77892993227086	1.72473378238458	1.48731254072898
"830"	3.27577082984172	2.83922370725959	2.4166048274376	1.46840063546109
"831"	3.41902090758699	2.88821307746261	1.88124960406276	1.81151641088764
"832"	4.09205868753715	2.54078838058638	1.90110727421535	1.46604565766112
"833"	3.2790234794133	2.62411974958948	2.38474175762276	1.71211501337446
"834"	3.52380330773091	3.01267989655085	1.89622373838994	1.5672930573283
"835"	3.76272336587647	3.08868349634066	1.88139354904209	1.26719958874078
"836"	3.24269781541285	3.10038591996425	1.9493858041069	1.707530460516
"837"	3.72516715145947	3.08406863009798	1.98904161276366	1.20172260567888
"838"	3.2573046522282	2.93662164575335	2.41981250975931	1.38626119225914
"839"	3.47682149901562	2.64898055372894	2.10242487582428	1.77177307143115
"840"	3.12003138633775	2.74763374765336	2.49411906926179	1.63821579674711
"841"	3.19655175706225	2.75641404601089	2.1303574570245	1.91667673990235
"842"	3.45485232019714	2.8142441179977	2.14927924848004	1.58162431332513
"843"	3.65667336441983	2.80169558103867	2.13613199044548	1.40549906409601
"844"	3.43134928326158	2.77144828276945	2.16434702554861	1.63285540842036
"845"	3.61803596429957	2.98954844583493	2.08392570042559	1.30848988943991
"846"	3.66390514710129	2.82512792572429	2.17605053202372	1.33491639515069
"847"	3.17327441040803	3.06892044175775	2.0191583156758	1.73864683215842
"848"	3.06021815535102	2.84005003892385	2.23585590093592	1.86387590478921
"849"	4.00278990020285	3.04363240976665	1.92242749394955	1.03115019608096
"850"	3.27931558206012	2.69050097548274	2.20040523455436	1.82977820790277
"851"	3.32875816028944	3.00706772124704	2.2129563422553	1.45121777620822
"852"	3.22270494672559	3.0661039997088	2.0394084068374	1.67178264672821
"853"	3.14887740268714	2.87883677328595	2.57662413443568	1.39566168959123
"854"	3.7989419748407	3.02977676294629	1.76752961040906	1.40375165180395
"855"	3.38249757519476	2.99449265954119	2.43882593854638	1.18418382671767
"856"	3.66559546127794	2.62058747147019	2.4602400829812	1.25357698427066
"857"	3.95556250875507	2.79535641706612	1.7490301507899	1.50005092338891
"858"	3.52129381017126	2.62341010649001	2.37281499457373	1.482481088765
"859"	3.09754372531478	3.04177988985967	2.23427954014722	1.62639684467833
"860"	3.3228787912072	2.65233359867483	2.45708349634889	1.56770411376908
"861"	3.09986921801577	3.07188644157045	2.27720067168167	1.55104366873211
"862"	3.53956333008574	3.07412523786904	1.7232377543678	1.66307367767743
"863"	3.59027064389125	2.86523100055579	2.17042663785152	1.37407171770144
"864"	3.11180723234682	2.90369503951145	2.25288010702694	1.73161762111479
"865"	3.39116314886273	2.88809518257472	2.06564497539662	1.65509669316592
"866"	3.57414540043247	2.66908583815513	1.94853148048482	1.80823728092757
"867"	3.59493430732473	2.8768705470544	2.27339049605841	1.25480464956246
"868"	3.44456863972277	3.137389114678	2.0825342692428	1.33550797635644
"869"	3.24881158341124	2.75399915990825	2.32632986373604	1.67085939294447
"870"	3.67769778096999	3.01974101386646	1.84660273128782	1.45595847387573
"871"	3.35065449794624	3.04669067477566	2.13987491985344	1.46277990742465
"872"	3.71391350540483	2.99805531492391	2.36694700224337	0.921084177427891
"873"	3.46948929679835	2.95577539106006	1.96270815004281	1.61202716209878
"874"	3.40858575637875	2.98430442283038	2.20480387849388	1.40230594229699
"875"	3.1783459240147	2.77951177352026	2.42478175390664	1.61736054855839
"876"	4.12148542051148	2.7740008784505	1.80065601449761	1.30385768654041
"877"	3.312197031231	2.95992465041121	2.30307629479352	1.42480202356427
"878"	3.67314214482605	3.38479693706056	1.93719427046084	1.00486664765255
"879"	3.18688594683103	2.71947090042698	2.1924502069324	1.90119294580959
"880"	3.26262911488247	3.12223903125285	2.3869757449046	1.22815610896008
"881"	3.45215920738494	3.09245325915371	1.8670908702277	1.58829666323366
"882"	3.6663004025376	2.93111106677856	1.9533258289486	1.44926270173525
"883"	3.50976679861778	3.25758131158077	1.88345273587127	1.34919915393019
"884"	3.80055360951024	2.47988471716879	2.17992981973728	1.53963185358369
"885"	3.315108420378	2.67151060453039	2.15293265543144	1.86044831966017
"886"	3.04734536905413	2.96631959716631	2.61990899373013	1.36642604004943
"887"	3.32246444423447	2.78733856996176	2.28773863380537	1.6024583519984
"888"	3.20695033772729	3.01822832478193	2.30132398181438	1.4734973556764
"889"	3.38785385314745	2.99932922869991	2.0286929603728	1.58412395777984
"890"	3.1444981764408	2.8665132387128	2.42862101438702	1.56036757045939
"891"	3.40344754675166	2.68700189947618	2.26900432232052	1.64054623145165
"892"	3.51324272081954	2.84749308112131	2.41959162668026	1.21967257137889
"893"	3.11265880537588	3.01993111575539	2.156456473733	1.71095360513574
"894"	3.27672871929977	2.79364656377019	2.4538756534586	1.47574906347144
"895"	3.48105157144524	3.00019343996425	2.26570159279338	1.25305339579713
"896"	3.62940963028032	2.87826038104529	2.1967807568228	1.29554923185158
"897"	3.26026080633548	3.07649578256287	2.12526371451853	1.53797969658312
"898"	3.71668626620735	3.07260065420978	2.06299517843604	1.14771790114684
"899"	3.21425498519844	2.8396374929579	2.26984115894588	1.67626636289778
"900"	3.50548155270879	3.09068831998681	1.97266636500371	1.43116376230069
"901"	3.34724539838169	2.80886820636876	2.26082562184249	1.58306077340706
"902"	3.29062221725448	2.78030971139457	2.27881403681299	1.65025403453796
"903"	3.36091338180503	2.86550478402554	2.57371656398615	1.19986527018328
"904"	3.77102936044432	3.15903370267052	1.8342556257866	1.23568131109856
"905"	3.51713309870327	2.57638286048602	2.01914779299263	1.88733624781808
"906"	3.38075021426771	2.77031938555819	2.20516409233121	1.6437663078429
"907"	3.85587793376341	2.69637148242613	2.16612737970363	1.28162320410683
"908"	3.64581263333077	2.80427477734859	1.83038916205928	1.71952342726136
"909"	3.64365021997306	3.11062757632681	2.0825793915054	1.16314281219473
"910"	3.29289017767745	2.58721013301451	2.48862781356301	1.63127187574503
"911"	3.22370461198984	2.85761713848769	2.48712997888277	1.4315482706397
"912"	3.57964852194823	2.94183244900303	1.96815749753957	1.51036153150916
"913"	3.37113761025408	2.66943815490711	2.11140947908406	1.84801475575475
"914"	3.26835167745221	2.9020137583267	2.4922968687111	1.33733769550999
"915"	3.30442230004929	2.83647871035599	2.30573213677108	1.55336685282364
"916"	3.71658775913034	2.63400785527324	2.07655936903231	1.57284501656411
"917"	3.44893837273331	3.15357457627466	2.03857326724817	1.35891378374387
"918"	3.56334285234667	2.71971550680973	2.21275786628015	1.50418377456345
"919"	3.3565512680295	2.53125633377956	2.29631927176846	1.81587312642248
"920"	3.51967486812734	2.56125413389296	2.29578411113447	1.62328688684523
"921"	3.78188378011198	2.59856970992711	2.07415956135368	1.54538694860724
"922"	3.32134583792072	2.84098648359097	2.62885007593044	1.20881760255786
"923"	2.99142759073921	2.65311752679731	2.25428095546595	2.10117392699753
"924"	3.33706980785055	2.8199191722501	2.07301450026192	1.76999651963743
"925"	3.82353288256822	2.80173442988273	1.73418432053055	1.6405483670185
"926"	3.41156988112988	2.65261653165189	2.42775061289468	1.50806297432355
"927"	3.35457666231003	2.5191898963072	2.33426905943502	1.79196438194774
"928"	3.51542488745927	2.78833628380665	2.11052154838948	1.5857172803446
"929"	3.47806769091509	2.8559355616164	2.48669329923474	1.17930344823377
"930"	3.49376582092151	3.02852074681018	1.90221030190071	1.57550313036759
"931"	3.64448936070067	2.90433934286239	2.30331246506544	1.1478588313715
"932"	3.33607682930317	2.72301263170186	2.44565747597854	1.49525306301643
"933"	3.84931728347608	3.0995114823749	1.72270547457417	1.32846575957485
"934"	3.53787701243844	3.14181646082701	1.90942700721454	1.41087951952001
"935"	3.17579263177172	2.94608441988439	2.41846777023581	1.45965517810808
"936"	4.00369133290613	2.83851077033145	1.8855046860312	1.27229321073122
"937"	3.26292806505758	2.90373869399051	2.21768080824879	1.61565243270312
"938"	3.44723354394632	2.89948593984839	1.87737089492624	1.77590962127905
"939"	3.07225697640688	2.77085674140524	2.17595649116735	1.98092979102052
"940"	3.49080345166887	2.76379811288343	1.98739456426382	1.75800387118389
"941"	3.41399331431912	3.00766067380928	1.89678899927122	1.68155701260037
"942"	3.60142419433482	2.60149079831291	2.38829755932415	1.40878744802812
"943"	3.14605366363636	2.88156304900844	2.76265597617464	1.20972731118057
"944"	3.45154505288286	2.86298186723627	2.30442905064654	1.38104402923432
"945"	3.47714963911364	2.4276927066895	2.37389161288145	1.72126604131541
"946"	3.30546183449753	3.0085716006213	2.08579844074015	1.60016812414101
"947"	3.17613112073517	2.81170869603523	2.63299507581989	1.3791651074097
"948"	2.99579968076636	2.94960207918646	2.5216245821584	1.53297365788877
"949"	3.86132100194928	2.70328347385601	2.19020106095759	1.24519446323713
"950"	3.11262419047423	2.67875219131641	2.48724605187383	1.72137756633553
"951"	3.21698957415924	2.58352815937177	2.47628544278553	1.72319682368346
"952"	3.5594737692486	2.46691918697829	2.42661947591875	1.54698756785436
"953"	3.28499835560147	2.58380749043781	2.39783082969647	1.73336332426425
"954"	3.34479079646068	2.77744863031029	2.62731612169053	1.2504444515385
"955"	3.1597281045481	2.91277187077126	2.5076428758767	1.41985714880393
"956"	3.66407716176213	3.07066590649882	2.37922849168105	0.886028440058012
"957"	3.3497799780051	2.88278903962023	2.61556967456061	1.15186130781406
"958"	3.205287918922	2.59485320333104	2.29516155139659	1.90469732635036
"959"	3.33621969975751	3.0851518793	2.09257473234397	1.48605368859852
"960"	3.41418559918079	2.75310630441355	2.28946005000423	1.54324804640142
"961"	3.55136124735925	2.76103921653053	2.12001423498621	1.56758530112401
"962"	3.12732610398057	2.89289380901377	2.45164266730677	1.52813741969889
"963"	3.47378936923646	2.45457720156569	2.20021291211727	1.87142051708058
"964"	3.40933472409424	2.91269387244498	2.09981061553814	1.57816078792263
"965"	3.3878466944819	2.8157017354029	2.40497923879185	1.39147233132334
"966"	3.17225069000089	3.0804547884069	2.10404311898774	1.64325140260447
"967"	3.09199047368941	2.87276483321544	2.39913058632802	1.63611410676713
"968"	3.33402719065924	3.20148658391201	1.91654666618601	1.54793955924274
"969"	3.34997294969954	2.98319137475663	2.25077153432167	1.41606414122215
"970"	3.91897438360813	2.71312516129004	1.82806728038862	1.53983317471321
"971"	3.29297158837671	3.02233006866716	2.36050281475296	1.32419552820316
"972"	4.07947579649233	2.75994018586701	1.80956033283282	1.35102368480785
"973"	3.4026650375841	2.61291767887863	2.47455136779028	1.50986591574699
"974"	3.22252145669405	2.61606584119942	2.43300388400784	1.7284088180987
"975"	3.60657000390416	2.79545621381344	2.27784020950129	1.32013357278112
"976"	3.49647612190221	2.60516104486153	2.12516318098568	1.77319965225058
"977"	3.715499564855	3.16925650499	1.81608714376234	1.29915678639265
"978"	3.31071392431187	3.07691461142777	2.3964847036007	1.21588676065967
"979"	3.18556018242827	3.12810002755408	1.95375538395296	1.73258440606469
"980"	3.30211909617148	2.79044284237762	2.01366994715694	1.89376811429396
"981"	3.4294688877772	2.80167031505916	1.99531071191073	1.7735500852529
"982"	3.94527767858974	2.60453205748039	2.2443562799802	1.20583398394967
"983"	3.35720363507345	2.86659932050799	2.1295878046069	1.64660923981165
"984"	3.30967536979839	3.1016027980433	2.05314625228041	1.5355755798779
"985"	3.25597090098835	2.9299687533286	2.46284223692565	1.35121810875741
"986"	3.33022183197882	2.97440542031937	2.42483758945077	1.27053515825104
"987"	3.35739730443624	2.90757258814352	2.10578568991679	1.62924441750345
"988"	3.24046114190418	3.0792632929538	2.40216412081273	1.27811144432928
"989"	3.08098748001251	2.56947281943606	2.33990744878274	2.0096322517687
"990"	3.48233423228586	2.60364573989694	2.1313996518037	1.7826203760135
"991"	3.45892094335861	2.96590093619345	2.35527772649344	1.2199003939545
"992"	3.22504697617691	2.6798274144216	2.28440360775718	1.81072200164432
"993"	3.30745644414954	2.86920893478065	2.531096062643	1.29223855842682
"994"	3.53663191309338	2.8408870173518	1.86253848277293	1.7599425867819
"995"	3.72579243752137	2.82329850655434	2.10946694000582	1.34144211591847
"996"	3.53234102121236	2.85894668933378	2.11552372338898	1.49318856606489
"997"	3.26468956061435	2.96221659153602	2.25869388042324	1.51439996742639
"998"	3.30114812657673	3.03151900857402	2.00067497554896	1.66665788930029
"999"	3.23781776234007	3.03805329452293	2.06531250381117	1.65881643932583
"1000"	3.75642598927662	2.97182360868893	1.89430497461443	1.37744542742001
